0	500	501	         0	0
0.00700036	500	501	6.46133e-05	0.000131851
0.0140007	500	501	0.000134163	0.00027115
0.0210011	500	501	0.000191448	0.000418172
0.0280014	500	501	0.000250857	0.000573199
0.0350018	500	501	0.000321442	0.00073652
0.0420021	500	501	0.000396538	0.000908432
0.0490025	500	501	0.000470527	0.00108924
0.0560029	500	501	0.000547555	0.00127925
0.0630032	500	501	0.000631886	0.0014788
0.0700036	500	501	0.000721003	0.0016882
0.0770039	500	501	0.000811872	0.00190778
0.0840043	500	501	0.000906501	0.00213791
0.0910046	500	501	0.00100759	0.00237892
0.098005	500	501	0.00111391	0.00263118
0.105005	500	501	0.00122351	0.00289506
0.112006	500	501	0.00133758	0.00317094
0.119006	500	501	0.00145806	0.0034592
0.126006	500	501	0.00158434	0.00376023
0.133007	500	501	0.00171502	0.00407445
0.140007	500	501	 0.0018509	0.00440227
0.147007	500	501	0.00199351	0.0047441
0.154008	500	501	0.00214254	0.00510039
0.161008	500	501	0.00229699	0.00547156
0.168009	500	501	 0.0024574	0.00585808
0.175009	500	501	0.00262504	0.0062604
0.182009	500	501	0.00279982	0.00667899
0.18901	500	501	0.00298097	0.00711434
0.19601	500	501	0.00316891	0.00756692
0.20301	500	501	0.00336472	0.00803724
0.210011	500	501	0.00356846	0.0085258
0.217011	500	501	0.00377954	0.00903313
0.224011	500	501	0.00399829	0.00955975
0.231012	500	501	0.00422566	0.0101062
0.238012	500	501	0.00446181	0.010673
0.245012	500	501	 0.0047063	0.0112608
0.252013	500	501	 0.0049594	0.0118701
0.259013	500	501	0.00522197	0.0125014
0.266014	500	501	0.00549425	0.0131555
0.273014	500	501	0.00577591	0.0138328
0.280014	500	501	0.00606718	0.014534
0.287015	500	501	0.00636887	0.0152597
0.294015	500	501	0.00668126	0.0160105
0.301015	500	501	0.00700411	0.0167871
0.308016	500	501	0.00733766	0.0175902
0.315016	500	501	0.00768264	0.0184203
0.322016	500	501	0.00803938	0.0192782
0.329017	500	501	0.00840774	0.0201645
0.336017	500	501	0.00878794	0.02108
0.343017	500	501	0.00918065	0.0220253
0.350018	500	501	0.00958627	0.0230011
0.357018	500	501	 0.0100047	0.0240083
0.364019	500	501	 0.0104362	0.0250474
0.371019	500	501	 0.0108814	0.0261193
0.378019	500	501	 0.0113407	0.0272247
0.38502	500	501	 0.0118141	0.0283643
0.39202	500	501	 0.0123017	0.0295391
0.39902	500	501	 0.0128044	0.0307496
0.406021	500	501	 0.0133224	0.0319967
0.413021	500	501	 0.0138558	0.0332813
0.420021	500	501	 0.0144049	0.0346041
0.427022	500	501	 0.0149702	0.035966
0.434022	500	501	 0.0155522	0.0373678
0.441022	500	501	 0.0161511	0.0388103
0.448023	500	501	  0.016767	0.0402943
0.455023	500	501	 0.0174005	0.0418209
0.462024	500	501	 0.0180521	0.0433907
0.469024	500	501	  0.018722	0.0450047
0.476024	500	501	 0.0194103	0.0466637
0.483025	500	501	 0.0201177	0.0483687
0.490025	500	501	 0.0208447	0.0501206
0.497025	500	501	 0.0215915	0.0519202
0.504026	500	501	 0.0223582	0.0537685
0.511026	500	501	 0.0231455	0.0556664
0.518026	500	501	 0.0239538	0.0576149
0.525027	500	501	 0.0247835	0.0596148
0.532027	500	501	 0.0256347	0.0616671
0.539027	500	501	 0.0265079	0.0637727
0.546028	500	501	 0.0274038	0.0659327
0.553028	500	501	 0.0283226	0.068148
0.560029	500	501	 0.0292645	0.0704195
0.567029	500	501	 0.0302301	0.0727482
0.574029	500	501	 0.0312199	0.0751351
0.58103	500	501	 0.0322341	0.0775812
0.58803	500	501	 0.0332732	0.0800874
0.59503	500	501	 0.0343375	0.0826548
0.602031	500	501	 0.0354276	0.0852843
0.609031	500	501	 0.0365439	0.0879769
0.616031	500	501	 0.0376866	0.0907337
0.623032	500	501	 0.0388562	0.0935556
0.630032	500	501	 0.0400532	0.0964437
0.637032	500	501	  0.041278	0.0993988
0.644033	500	501	  0.042531	0.102422
0.651033	500	501	 0.0438124	0.105515
0.658034	500	501	  0.045123	0.108677
0.665034	500	501	  0.046463	0.111911
0.672034	500	501	 0.0478328	0.115217
0.679035	500	501	 0.0492328	0.118596
0.686035	500	501	 0.0506635	0.122049
0.693035	500	501	 0.0521254	0.125578
0.700036	500	501	 0.0536186	0.129182
0.707036	500	501	 0.0551437	0.132864
0.714036	500	501	 0.0567011	0.136624
0.721037	500	501	 0.0582913	0.140463
0.728037	500	501	 0.0599145	0.144382
0.735037	500	501	 0.0615712	0.148382
0.742038	500	501	 0.0632618	0.152464
0.749038	500	501	 0.0649868	0.15663
0.756039	500	501	 0.0667464	0.160879
0.763039	500	501	 0.0685411	0.165213
0.770039	500	501	 0.0703713	0.169633
0.77704	500	501	 0.0722373	0.17414
0.78404	500	501	 0.0741396	0.178734
0.79104	500	501	 0.0760783	0.183418
0.798041	500	501	 0.0780542	0.18819
0.805041	500	501	 0.0800673	0.193053
0.812041	500	501	 0.0821182	0.198008
0.819042	500	501	  0.084207	0.203054
0.826042	500	501	 0.0863343	0.208194
0.833042	500	501	 0.0885003	0.213427
0.840043	500	501	 0.0907054	0.218755
0.847043	500	501	 0.0929499	0.224178
0.854044	500	501	 0.0952341	0.229698
0.861044	500	501	 0.0975584	0.235315
0.868044	500	501	  0.099923	0.241029
0.875045	500	501	  0.102328	0.246842
0.882045	500	501	  0.104774	0.252755
0.889045	500	501	  0.107262	0.258767
0.896046	500	501	  0.109791	0.26488
0.903046	500	501	  0.112362	0.271094
0.910046	500	501	  0.114974	0.27741
0.917047	500	501	   0.11763	0.283829
0.924047	500	501	  0.120327	0.29035
0.931047	500	501	  0.123068	0.296976
0.938048	500	501	  0.125851	0.303706
0.945048	500	501	  0.128678	0.31054
0.952049	500	501	  0.131548	0.31748
0.959049	500	501	  0.134461	0.324525
0.966049	500	501	  0.137419	0.331677
0.97305	500	501	   0.14042	0.338935
0.98005	500	501	  0.143465	0.3463
0.98705	500	501	  0.146555	0.353773
0.994051	500	501	  0.149689	0.361353
1.00105	500	501	  0.152867	0.369041
1.00805	500	501	   0.15609	0.376837
1.01505	500	501	  0.159358	0.384742
1.02205	500	501	  0.162671	0.392755
1.02905	500	501	  0.166028	0.400877
1.03605	500	501	   0.16943	0.409108
1.04305	500	501	  0.172877	0.417448
1.05005	500	501	  0.176369	0.425897
1.05705	500	501	  0.179906	0.434456
1.06405	500	501	  0.183488	0.443123
1.07105	500	501	  0.187115	0.451899
1.07805	500	501	  0.190786	0.460785
1.08506	500	501	  0.194503	0.469779
1.09206	500	501	  0.198264	0.478882
1.09906	500	501	   0.20207	0.488094
1.10606	500	501	   0.20592	0.497413
1.11306	500	501	  0.209815	0.506841
1.12006	500	501	  0.213754	0.516376
1.12706	500	501	  0.217737	0.526019
1.13406	500	501	  0.221764	0.535768
1.14106	500	501	  0.225835	0.545624
1.14806	500	501	   0.22995	0.555586
1.15506	500	501	  0.234108	0.565653
1.16206	500	501	  0.238309	0.575825
1.16906	500	501	  0.242553	0.586102
1.17606	500	501	  0.246839	0.596481
1.18306	500	501	  0.251168	0.606964
1.19006	500	501	  0.255538	0.617549
1.19706	500	501	   0.25995	0.628235
1.20406	500	501	  0.264404	0.639021
1.21106	500	501	  0.268898	0.649907
1.21806	500	501	  0.273433	0.660891
1.22506	500	501	  0.278008	0.671974
1.23206	500	501	  0.282622	0.683152
1.23906	500	501	  0.287276	0.694426
1.24606	500	501	  0.291968	0.705795
1.25306	500	501	  0.296699	0.717256
1.26006	500	501	  0.301467	0.72881
1.26706	500	501	  0.306272	0.740454
1.27406	500	501	  0.311115	0.752188
1.28107	500	501	  0.315993	0.76401
1.28807	500	501	  0.320907	0.775918
1.29507	500	501	  0.325855	0.787911
1.30207	500	501	  0.330838	0.799988
1.30907	500	501	  0.335854	0.812147
1.31607	500	501	  0.340904	0.824386
1.32307	500	501	  0.345985	0.836704
1.33007	500	501	  0.351098	0.849099
1.33707	500	501	  0.356242	0.86157
1.34407	500	501	  0.361416	0.874114
1.35107	500	501	  0.366619	0.886729
1.35807	500	501	  0.371851	0.899415
1.36507	500	501	  0.377111	0.912168
1.37207	500	501	  0.382397	0.924987
1.37907	500	501	  0.387709	0.93787
1.38607	500	501	  0.393047	0.950815
1.39307	500	501	  0.398409	0.963819
1.40007	500	501	  0.403794	0.97688
1.40707	500	501	  0.409202	0.989997
1.41407	500	501	  0.414631	1.00317
1.42107	500	501	  0.420081	1.01639
1.42807	500	501	   0.42555	1.02966
1.43507	500	501	  0.431038	1.04297
1.44207	500	501	  0.436544	1.05633
1.44907	500	501	  0.442067	1.06973
1.45607	500	501	  0.447604	1.08317
1.46307	500	501	  0.453157	1.09664
1.47007	500	501	  0.458723	1.11015
1.47708	500	501	  0.464301	1.12369
1.48408	500	501	   0.46989	1.13725
1.49108	500	501	   0.47549	1.15084
1.49808	500	501	  0.481099	1.16446
1.50508	500	501	  0.486715	1.17809
1.51208	500	501	  0.492338	1.19174
1.51908	500	501	  0.497967	1.20541
1.52608	500	501	    0.5036	1.21908
1.53308	500	501	  0.509236	1.23277
1.54008	500	501	  0.514874	1.24646
1.54708	500	501	  0.520512	1.26015
1.55408	500	501	   0.52615	1.27384
1.56108	500	501	  0.531787	1.28753
1.56808	500	501	   0.53742	1.30121
1.57508	500	501	  0.543049	1.31489
1.58208	500	501	  0.548672	1.32854
1.58908	500	501	  0.554288	1.34219
1.59608	500	501	  0.559896	1.35581
1.60308	500	501	  0.565494	1.36942
1.61008	500	501	  0.571082	1.38299
1.61708	500	501	  0.576657	1.39654
1.62408	500	501	  0.582219	1.41006
1.63108	500	501	  0.587766	1.42354
1.63808	500	501	  0.593297	1.43698
1.64508	500	501	   0.59881	1.45038
1.65208	500	501	  0.604305	1.46374
1.65908	500	501	  0.609779	1.47704
1.66608	500	501	  0.615231	1.4903
1.67309	500	501	   0.62066	1.5035
1.68009	500	501	  0.626065	1.51664
1.68709	500	501	  0.631445	1.52972
1.69409	500	501	  0.636797	1.54274
1.70109	500	501	   0.64212	1.55569
1.70809	500	501	  0.647414	1.56856
1.71509	500	501	  0.652676	1.58137
1.72209	500	501	  0.657906	1.59409
1.72909	500	501	  0.663102	1.60673
1.73609	500	501	  0.668262	1.61929
1.74309	500	501	  0.673386	1.63175
1.75009	500	501	  0.678471	1.64413
1.75709	500	501	  0.683517	1.65641
1.76409	500	501	  0.688522	1.66859
1.77109	500	501	  0.693485	1.68068
1.77809	500	501	  0.698404	1.69265
1.78509	500	501	  0.703279	1.70452
1.79209	500	501	  0.708107	1.71628
1.79909	500	501	  0.712887	1.72792
1.80609	500	501	  0.717619	1.73944
1.81309	500	501	    0.7223	1.75085
1.82009	500	501	   0.72693	1.76213
1.82709	500	501	  0.731507	1.77328
1.83409	500	501	   0.73603	1.7843
1.84109	500	501	  0.740497	1.79519
1.84809	500	501	  0.744908	1.80594
1.85509	500	501	  0.749261	1.81655
1.86209	500	501	  0.753555	1.82702
1.8691	500	501	  0.757789	1.83734
1.8761	500	501	   0.76196	1.84751
1.8831	500	501	   0.76607	1.85754
1.8901	500	501	  0.770115	1.8674
1.8971	500	501	  0.774095	1.87711
1.9041	500	501	  0.778009	1.88666
1.9111	500	501	  0.781855	1.89605
1.9181	500	501	  0.785633	1.90527
1.9251	500	501	  0.789341	1.91433
1.9321	500	501	  0.792979	1.92321
1.9391	500	501	  0.796545	1.93192
1.9461	500	501	  0.800038	1.94045
1.9531	500	501	  0.803457	1.94881
1.9601	500	501	  0.806802	1.95698
1.9671	500	501	   0.81007	1.96497
1.9741	500	501	  0.813262	1.97278
1.9811	500	501	  0.816377	1.98039
1.9881	500	501	  0.819412	1.98782
1.9951	500	501	  0.822368	1.99505
2.0021	500	501	  0.825244	2.00209
2.0091	500	501	  0.828039	2.00894
2.0161	500	501	  0.830751	2.01558
2.0231	500	501	  0.833381	2.02202
2.0301	500	501	  0.835927	2.02826
2.0371	500	501	  0.838389	2.0343
2.0441	500	501	  0.840765	2.04013
2.0511	500	501	  0.843056	2.04575
2.0581	500	501	  0.845261	2.05117
2.06511	500	501	  0.847378	2.05637
2.07211	500	501	  0.849408	2.06136
2.07911	500	501	  0.851349	2.06614
2.08611	500	501	  0.853202	2.0707
2.09311	500	501	  0.854965	2.07504
2.10011	500	501	  0.856638	2.07917
2.10711	500	501	  0.858221	2.08307
2.11411	500	501	  0.859713	2.08676
2.12111	500	501	  0.861114	2.09022
2.12811	500	501	  0.862423	2.09347
2.13511	500	501	   0.86364	2.09649
2.14211	500	501	  0.864765	2.09928
2.14911	500	501	  0.865797	2.10185
2.15611	500	501	  0.866737	2.1042
2.16311	500	501	  0.867583	2.10632
2.17011	500	501	  0.868336	2.10821
2.17711	500	501	  0.868995	2.10988
2.18411	500	501	  0.869561	2.11132
2.19111	500	501	  0.870033	2.11253
2.19811	500	501	   0.87041	2.11351
2.20511	500	501	  0.870694	2.11427
2.21211	500	501	  0.870884	2.11479
2.21911	500	501	   0.87098	2.11509
2.22611	500	501	  0.870982	2.11516
2.23311	500	501	  0.870889	2.115
2.24011	500	501	  0.870703	2.11461
2.24711	500	501	  0.870423	2.114
2.25411	500	501	   0.87005	2.11316
2.26112	500	501	  0.869583	2.11209
2.26812	500	501	  0.869023	2.11079
2.27512	500	501	   0.86837	2.10927
2.28212	500	501	  0.867624	2.10752
2.28912	500	501	  0.866785	2.10555
2.29612	500	501	  0.865855	2.10336
2.30312	500	501	  0.864833	2.10094
2.31012	500	501	  0.863719	2.0983
2.31712	500	501	  0.862514	2.09543
2.32412	500	501	  0.861219	2.09235
2.33112	500	501	  0.859833	2.08905
2.33812	500	501	  0.858358	2.08553
2.34512	500	501	  0.856794	2.08179
2.35212	500	501	  0.855141	2.07784
2.35912	500	501	    0.8534	2.07367
2.36612	500	501	  0.851572	2.06929
2.37312	500	501	  0.849657	2.0647
2.38012	500	501	  0.847656	2.0599
2.38712	500	501	  0.845569	2.0549
2.39412	500	501	  0.843398	2.04968
2.40112	500	501	  0.841142	2.04426
2.40812	500	501	  0.838804	2.03864
2.41512	500	501	  0.836382	2.03282
2.42212	500	501	  0.833879	2.0268
2.42912	500	501	  0.831295	2.02058
2.43612	500	501	  0.828631	2.01416
2.44312	500	501	  0.825888	2.00756
2.45012	500	501	  0.823066	2.00076
2.45713	500	501	  0.820167	1.99377
2.46413	500	501	  0.817192	1.9866
2.47113	500	501	  0.814141	1.97924
2.47813	500	501	  0.811015	1.9717
2.48513	500	501	  0.807815	1.96399
2.49213	500	501	  0.804543	1.95609
2.49913	500	501	    0.8012	1.94802
2.50613	500	501	  0.797786	1.93978
2.51313	500	501	  0.794302	1.93137
2.52013	500	501	   0.79075	1.92279
2.52713	500	501	  0.787131	1.91405
2.53413	500	501	  0.783445	1.90514
2.54113	500	501	  0.779695	1.89608
2.54813	500	501	   0.77588	1.88686
2.55513	500	501	  0.772002	1.87749
2.56213	500	501	  0.768063	1.86796
2.56913	500	501	  0.764064	1.85829
2.57613	500	501	  0.760005	1.84848
2.58313	500	501	  0.755888	1.83852
2.59013	500	501	  0.751714	1.82842
2.59713	500	501	  0.747484	1.81819
2.60413	500	501	    0.7432	1.80782
2.61113	500	501	  0.738863	1.79733
2.61813	500	501	  0.734473	1.7867
2.62513	500	501	  0.730034	1.77596
2.63213	500	501	  0.725544	1.76509
2.63913	500	501	  0.721007	1.7541
2.64613	500	501	  0.716422	1.743
2.65314	500	501	  0.711792	1.73179
2.66014	500	501	  0.707118	1.72047
2.66714	500	501	  0.702401	1.70904
2.67414	500	501	  0.697642	1.69752
2.68114	500	501	  0.692842	1.68589
2.68814	500	501	  0.688004	1.67417
2.69514	500	501	  0.683128	1.66235
2.70214	500	501	  0.678215	1.65045
2.70914	500	501	  0.673267	1.63845
2.71614	500	501	  0.668285	1.62638
2.72314	500	501	  0.663271	1.61423
2.73014	500	501	  0.658225	1.60199
2.73714	500	501	   0.65315	1.58969
2.74414	500	501	  0.648045	1.57731
2.75114	500	501	  0.642914	1.56487
2.75814	500	501	  0.637756	1.55236
2.76514	500	501	  0.632574	1.5398
2.77214	500	501	  0.627369	1.52717
2.77914	500	501	  0.622141	1.51449
2.78614	500	501	  0.616893	1.50176
2.79314	500	501	  0.611625	1.48898
2.80014	500	501	  0.606338	1.47616
2.80714	500	501	  0.601035	1.46329
2.81414	500	501	  0.595716	1.45038
2.82114	500	501	  0.590383	1.43744
2.82814	500	501	  0.585036	1.42447
2.83514	500	501	  0.579678	1.41146
2.84214	500	501	  0.574308	1.39843
2.84915	500	501	   0.56893	1.38538
2.85615	500	501	  0.563543	1.3723
2.86315	500	501	  0.558149	1.3592
2.87015	500	501	  0.552749	1.3461
2.87715	500	501	  0.547344	1.33297
2.88415	500	501	  0.541936	1.31984
2.89115	500	501	  0.536526	1.30671
2.89815	500	501	  0.531114	1.29357
2.90515	500	501	  0.525703	1.28042
2.91215	500	501	  0.520292	1.26728
2.91915	500	501	  0.514884	1.25415
2.92615	500	501	  0.509479	1.24102
2.93315	500	501	  0.504079	1.2279
2.94015	500	501	  0.498684	1.2148
2.94715	500	501	  0.493296	1.20171
2.95415	500	501	  0.487915	1.18864
2.96115	500	501	  0.482544	1.17559
2.96815	500	501	  0.477181	1.16256
2.97515	500	501	   0.47183	1.14955
2.98215	500	501	   0.46649	1.13658
2.98915	500	501	  0.461163	1.12363
2.99615	500	501	   0.45585	1.11072
3.00315	500	501	  0.450551	1.09784
3.01015	500	501	  0.445268	1.085
3.01715	500	501	  0.440001	1.0722
3.02415	500	501	  0.434751	1.05944
3.03115	500	501	   0.42952	1.04672
3.03815	500	501	  0.424308	1.03405
3.04516	500	501	  0.419116	1.02143
3.05216	500	501	  0.413944	1.00886
3.05916	500	501	  0.408794	0.996334
3.06616	500	501	  0.403667	0.983867
3.07316	500	501	  0.398563	0.971455
3.08016	500	501	  0.393482	0.959101
3.08716	500	501	  0.388427	0.946806
3.09416	500	501	  0.383396	0.934573
3.10116	500	501	  0.378392	0.922402
3.10816	500	501	  0.373415	0.910296
3.11516	500	501	  0.368465	0.898257
3.12216	500	501	  0.363543	0.886285
3.12916	500	501	   0.35865	0.874383
3.13616	500	501	  0.353787	0.862552
3.14316	500	501	  0.348953	0.850793
3.15016	500	501	  0.344151	0.839108
3.15716	500	501	  0.339379	0.827498
3.16416	500	501	  0.334639	0.815965
3.17116	500	501	  0.329931	0.80451
3.17816	500	501	  0.325256	0.793134
3.18516	500	501	  0.320614	0.781839
3.19216	500	501	  0.316006	0.770625
3.19916	500	501	  0.311433	0.759494
3.20616	500	501	  0.306893	0.748447
3.21316	500	501	  0.302389	0.737484
3.22016	500	501	  0.297921	0.726608
3.22716	500	501	  0.293488	0.715818
3.23416	500	501	  0.289092	0.705116
3.24117	500	501	  0.284732	0.694503
3.24817	500	501	  0.280409	0.68398
3.25517	500	501	  0.276123	0.673546
3.26217	500	501	  0.271875	0.663204
3.26917	500	501	  0.267665	0.652954
3.27617	500	501	  0.263493	0.642796
3.28317	500	501	   0.25936	0.632731
3.29017	500	501	  0.255265	0.62276
3.29717	500	501	  0.251209	0.612883
3.30417	500	501	  0.247192	0.603101
3.31117	500	501	  0.243215	0.593414
3.31817	500	501	  0.239277	0.583823
3.32517	500	501	  0.235378	0.574328
3.33217	500	501	   0.23152	0.56493
3.33917	500	501	  0.227701	0.555629
3.34617	500	501	  0.223922	0.546425
3.35317	500	501	  0.220184	0.537318
3.36017	500	501	  0.216486	0.528309
3.36717	500	501	  0.212828	0.519398
3.37417	500	501	   0.20921	0.510585
3.38117	500	501	  0.205633	0.50187
3.38817	500	501	  0.202097	0.493253
3.39517	500	501	  0.198601	0.484735
3.40217	500	501	  0.195145	0.476315
3.40917	500	501	   0.19173	0.467993
3.41617	500	501	  0.188355	0.45977
3.42317	500	501	  0.185021	0.451646
3.43017	500	501	  0.181728	0.443619
3.43718	500	501	  0.178475	0.435691
3.44418	500	501	  0.175262	0.42786
3.45118	500	501	  0.172089	0.420128
3.45818	500	501	  0.168957	0.412493
3.46518	500	501	  0.165864	0.404955
3.47218	500	501	  0.162812	0.397515
3.47918	500	501	    0.1598	0.390171
3.48618	500	501	  0.156827	0.382924
3.49318	500	501	  0.153894	0.375773
3.50018	500	501	     0.151	0.368719
3.50718	500	501	  0.148146	0.361759
3.51418	500	501	   0.14533	0.354895
3.52118	500	501	  0.142554	0.348126
3.52818	500	501	  0.139816	0.341451
3.53518	500	501	  0.137117	0.334869
3.54218	500	501	  0.134457	0.328382
3.54918	500	501	  0.131834	0.321987
3.55618	500	501	   0.12925	0.315684
3.56318	500	501	  0.126703	0.309473
3.57018	500	501	  0.124194	0.303354
3.57718	500	501	  0.121722	0.297325
3.58418	500	501	  0.119288	0.291386
3.59118	500	501	   0.11689	0.285537
3.59818	500	501	  0.114528	0.279777
3.60518	500	501	  0.112203	0.274105
3.61218	500	501	  0.109914	0.268521
3.61918	500	501	  0.107661	0.263024
3.62618	500	501	  0.105443	0.257613
3.63319	500	501	   0.10326	0.252288
3.64019	500	501	  0.101112	0.247048
3.64719	500	501	 0.0989989	0.241891
3.65419	500	501	   0.09692	0.236819
3.66119	500	501	  0.094875	0.231829
3.66819	500	501	 0.0928638	0.226922
3.67519	500	501	  0.090886	0.222095
3.68219	500	501	 0.0889413	0.217349
3.68919	500	501	 0.0870293	0.212683
3.69619	500	501	 0.0851498	0.208096
3.70319	500	501	 0.0833024	0.203588
3.71019	500	501	 0.0814868	0.199156
3.71719	500	501	 0.0797027	0.194802
3.72419	500	501	 0.0779498	0.190523
3.73119	500	501	 0.0762276	0.186319
3.73819	500	501	 0.0745359	0.18219
3.74519	500	501	 0.0728744	0.178134
3.75219	500	501	 0.0712427	0.174151
3.75919	500	501	 0.0696404	0.170239
3.76619	500	501	 0.0680673	0.166398
3.77319	500	501	  0.066523	0.162628
3.78019	500	501	 0.0650071	0.158927
3.78719	500	501	 0.0635193	0.155294
3.79419	500	501	 0.0620592	0.151729
3.80119	500	501	 0.0606266	0.148231
3.80819	500	501	  0.059221	0.144799
3.81519	500	501	 0.0578422	0.141431
3.82219	500	501	 0.0564897	0.138129
3.8292	500	501	 0.0551633	0.134889
3.8362	500	501	 0.0538626	0.131713
3.8432	500	501	 0.0525872	0.128598
3.8502	500	501	 0.0513367	0.125544
3.8572	500	501	  0.050111	0.12255
3.8642	500	501	 0.0489096	0.119615
3.8712	500	501	 0.0477321	0.116739
3.8782	500	501	 0.0465782	0.11392
3.8852	500	501	 0.0454477	0.111158
3.8922	500	501	 0.0443401	0.108453
3.8992	500	501	 0.0432551	0.105802
3.9062	500	501	 0.0421924	0.103206
3.9132	500	501	 0.0411516	0.100663
3.9202	500	501	 0.0401325	0.0981729
3.9272	500	501	 0.0391346	0.0957347
3.9342	500	501	 0.0381577	0.0933476
3.9412	500	501	 0.0372014	0.0910109
3.9482	500	501	 0.0362654	0.0887237
3.9552	500	501	 0.0353493	0.0864852
3.9622	500	501	  0.034453	0.0842946
3.9692	500	501	 0.0335759	0.0821512
3.9762	500	501	 0.0327179	0.0800543
3.9832	500	501	 0.0318786	0.0780029
3.9902	500	501	 0.0310576	0.0759965
3.9972	500	501	 0.0302548	0.0740342
4.0042	500	501	 0.0294697	0.0721152
4.0112	500	501	 0.0287021	0.0702389
4.0182	500	501	 0.0279517	0.0684045
4.02521	500	501	 0.0272181	0.0666113
4.03221	500	501	 0.0265011	0.0648586
4.03921	500	501	 0.0258004	0.0631455
4.04621	500	501	 0.0251157	0.0614715
4.05321	500	501	 0.0244467	0.0598359
4.06021	500	501	 0.0237931	0.0582379
4.06721	500	501	 0.0231546	0.0566768
4.07421	500	501	  0.022531	0.055152
4.08121	500	501	  0.021922	0.0536628
4.08821	500	501	 0.0213273	0.0522086
4.09521	500	501	 0.0207466	0.0507886
4.10221	500	501	 0.0201797	0.0494023
4.10921	500	501	 0.0196263	0.048049
4.11621	500	501	 0.0190862	0.046728
4.12321	500	501	  0.018559	0.0454387
4.13021	500	501	 0.0180446	0.0441806
4.13721	500	501	 0.0175427	0.042953
4.14421	500	501	  0.017053	0.0417552
4.15121	500	501	 0.0165753	0.0405868
4.15821	500	501	 0.0161094	0.0394471
4.16521	500	501	  0.015655	0.0383355
4.17221	500	501	 0.0152118	0.0372515
4.17921	500	501	 0.0147798	0.0361945
4.18621	500	501	 0.0143585	0.035164
4.19321	500	501	 0.0139479	0.0341593
4.20021	500	501	 0.0135476	0.03318
4.20721	500	501	 0.0131575	0.0322256
4.21421	500	501	 0.0127773	0.0312954
4.22122	500	501	 0.0124069	0.030389
4.22822	500	501	  0.012046	0.0295059
4.23522	500	501	 0.0116944	0.0286456
4.24222	500	501	  0.011352	0.0278075
4.24922	500	501	 0.0110184	0.0269913
4.25622	500	501	 0.0106936	0.0261964
4.26322	500	501	 0.0103773	0.0254223
4.27022	500	501	 0.0100693	0.0246686
4.27722	500	501	0.00976953	0.0239348
4.28422	500	501	0.00947771	0.0232206
4.29122	500	501	0.00919368	0.0225254
4.29822	500	501	0.00891726	0.0218488
4.30522	500	501	0.00864828	0.0211903
4.31222	500	501	0.00838656	0.0205497
4.31922	500	501	0.00813196	0.0199264
4.32622	500	501	0.00788429	0.0193201
4.33322	500	501	0.00764338	0.0187304
4.34022	500	501	 0.0074091	0.0181568
4.34722	500	501	0.00718128	0.017599
4.35422	500	501	0.00695976	0.0170566
4.36122	500	501	0.00674439	0.0165293
4.36822	500	501	0.00653503	0.0160167
4.37522	500	501	0.00633154	0.0155184
4.38222	500	501	0.00613376	0.0150341
4.38922	500	501	0.00594156	0.0145635
4.39622	500	501	0.00575481	0.0141061
4.40322	500	501	0.00557337	0.0136618
4.41022	500	501	0.00539711	0.0132301
4.41723	500	501	0.00522589	0.0128108
4.42423	500	501	0.00505959	0.0124035
4.43123	500	501	 0.0048981	0.012008
4.43823	500	501	0.00474129	0.0116239
4.44523	500	501	0.00458903	0.0112509
4.45223	500	501	0.00444121	0.0108889
4.45923	500	501	0.00429773	0.0105374
4.46623	500	501	0.00415847	0.0101962
4.47323	500	501	0.00402331	0.00986515
4.48023	500	501	0.00389215	0.00954384
4.48723	500	501	0.00376489	0.00923207
4.49423	500	501	0.00364143	0.00892958
4.50123	500	501	0.00352166	0.00863614
4.50823	500	501	0.00340549	0.00835151
4.51523	500	501	0.00329282	0.00807544
4.52223	500	501	0.00318356	0.00780772
4.52923	500	501	0.00307762	0.00754811
4.53623	500	501	0.00297489	0.00729641
4.54323	500	501	0.00287532	0.00705239
4.55023	500	501	 0.0027788	0.00681584
4.55723	500	501	0.00268524	0.00658657
4.56423	500	501	0.00259457	0.00636437
4.57123	500	501	0.00250672	0.00614905
4.57823	500	501	 0.0024216	0.00594042
4.58523	500	501	0.00233913	0.00573829
4.59223	500	501	0.00225924	0.00554249
4.59923	500	501	0.00218187	0.00535283
4.60623	500	501	0.00210694	0.00516913
4.61324	500	501	0.00203437	0.00499125
4.62024	500	501	 0.0019641	0.004819
4.62724	500	501	0.00189607	0.00465223
4.63424	500	501	0.00183022	0.00449077
4.64124	500	501	0.00176647	0.00433449
4.64824	500	501	0.00170477	0.00418323
4.65524	500	501	0.00164506	0.00403684
4.66224	500	501	0.00158729	0.00389518
4.66924	500	501	0.00153139	0.00375812
4.67624	500	501	0.00147731	0.00362552
4.68324	500	501	  0.001425	0.00349724
4.69024	500	501	0.00137441	0.00337317
4.69724	500	501	0.00132547	0.00325317
4.70424	500	501	0.00127815	0.00313712
4.71124	500	501	 0.0012324	0.00302491
4.71824	500	501	0.00118816	0.00291643
4.72524	500	501	 0.0011454	0.00281155
4.73224	500	501	0.00110407	0.00271017
4.73924	500	501	0.00106412	0.00261218
4.74624	500	501	0.00102551	0.00251749
4.75324	500	501	0.00098821	0.00242599
4.76024	500	501	0.000952163	0.00233757
4.76724	500	501	0.000917342	0.00225216
4.77424	500	501	0.000883711	0.00216964
4.78124	500	501	0.000851225	0.00208995
4.78824	500	501	0.000819846	0.00201297
4.79524	500	501	0.000789547	0.00193864
4.80224	500	501	0.000760296	0.00186687
4.80925	500	501	0.000732054	0.00179757
4.81625	500	501	0.000704786	0.00173067
4.82325	500	501	0.000678467	0.0016661
4.83025	500	501	0.00065307	0.00160377
4.83725	500	501	0.00062856	0.00154362
4.84425	500	501	0.000604904	0.00148558
4.85125	500	501	0.000582081	0.00142958
4.85825	500	501	0.000560068	0.00137555
4.86525	500	501	0.000538833	0.00132343
4.87225	500	501	0.000518346	0.00127316
4.87925	500	501	0.000498589	0.00122467
4.88625	500	501	0.000479542	0.00117791
4.89325	500	501	0.000461176	0.00113283
4.90025	500	501	0.000443463	0.00108936
4.90725	500	501	0.000426389	0.00104746
4.91425	500	501	0.000409935	0.00100706
4.92125	500	501	0.000394077	0.000968129
4.92825	500	501	0.000378789	0.000930608
4.93525	500	501	0.000364056	0.000894452
4.94225	500	501	0.000349866	0.000859615
4.94925	500	501	0.000336193	0.000826051
4.95625	500	501	0.000323016	0.000793719
4.96325	500	501	0.00031032	0.000762576
4.97025	500	501	0.000298093	0.000732582
4.97725	500	501	0.000286314	0.000703697
4.98425	500	501	0.000274959	0.000675884
4.99125	500	501	0.000264016	0.000649104
4.99825	500	501	0.000253472	0.000623324
5.00526	500	501	0.000243306	0.000598508
5.01226	500	501	0.000233494	0.000574622
5.01926	500	501	0.000224021	0.000551634
5.02626	500	501	0.000214876	0.000529513
5.03326	500	501	0.000206034	0.000508228
5.04026	500	501	0.000197471	0.000487751
5.04726	500	501	0.000189171	0.000468051
5.05426	500	501	0.00018112	0.000449102
5.06126	500	501	0.000173297	0.000430878
5.06826	500	501	0.000165676	0.000413351
5.07526	500	501	0.000158242	0.000396498
5.08226	500	501	0.000150985	0.000380294
5.08926	500	501	0.000143885	0.000364716
5.09626	500	501	0.000136921	0.000349741
5.10326	500	501	0.000130081	0.000335347
5.11026	500	501	0.000123358	0.000321513
5.11726	500	501	0.000116737	0.00030822
5.12426	500	501	0.000110196	0.000295446
5.13126	500	501	0.000103725	0.000283174
5.13826	500	501	9.73162e-05	0.000271384
5.14526	500	501	9.09532e-05	0.00026006
5.15226	500	501	8.46135e-05	0.000249182
5.15926	500	501	7.82825e-05	0.000238736
5.16626	500	501	7.19507e-05	0.000228706
5.17326	500	501	6.56006e-05	0.000219074
5.18026	500	501	5.92093e-05	0.000209827
5.18726	500	501	5.27624e-05	0.000200951
5.19426	500	501	4.62523e-05	0.000192431
5.20127	500	501	3.96639e-05	0.000184254
5.20827	500	501	3.29766e-05	0.000176406
5.21527	500	501	2.61767e-05	0.000168876
5.22227	500	501	1.92566e-05	0.000161651
5.22927	500	501	1.22006e-05	0.00015472
5.23627	500	501	4.98597e-06	0.000148071
5.24327	500	501	-2.40436e-06	0.000141694
5.25027	500	501	-9.98068e-06	0.000135578
5.25727	500	501	-1.77598e-05	0.000129713
5.26427	500	501	-2.57653e-05	0.00012409
5.27127	500	501	-3.40142e-05	0.000118698
5.27827	500	501	-4.25158e-05	0.000113529
5.28527	500	501	-5.1285e-05	0.000108575
5.29227	500	501	-6.03449e-05	0.000103826
5.29927	500	501	-6.97136e-05	9.92751e-05
5.30627	500	501	-7.94023e-05	9.49142e-05
5.31327	500	501	-8.94283e-05	9.07359e-05
5.32027	500	501	-9.98176e-05	8.67328e-05
5.32727	500	501	-0.000110591	8.28981e-05
5.33427	500	501	-0.000121762	7.9225e-05
5.34127	500	501	-0.000133346	7.57071e-05
5.34827	500	501	-0.00014537	7.23383e-05
5.35527	500	501	-0.000157855	6.91124e-05
5.36227	500	501	-0.000170813	6.60238e-05
5.36927	500	501	-0.000184263	6.30669e-05
5.37627	500	501	-0.000198232	6.02365e-05
5.38327	500	501	-0.000212745	5.75273e-05
5.39027	500	501	-0.000227818	5.49345e-05
5.39728	500	501	-0.000243472	5.24534e-05
5.40428	500	501	-0.000259734	5.00793e-05
5.41128	500	501	-0.00027663	4.78079e-05
5.41828	500	501	-0.000294176	4.5635e-05
5.42528	500	501	-0.000312393	4.35565e-05
5.43228	500	501	-0.000331311	4.15685e-05
5.43928	500	501	-0.000350957	3.96673e-05
5.44628	500	501	-0.000371353	3.78493e-05
5.45328	500	501	-0.000392521	3.6111e-05
5.46028	500	501	-0.000414493	3.44491e-05
5.46728	500	501	-0.000437299	3.28604e-05
5.47428	500	501	-0.00046096	3.13419e-05
5.48128	500	501	-0.000485499	2.98905e-05
5.48828	500	501	-0.000510949	2.85035e-05
5.49528	500	501	-0.000537344	2.71782e-05
5.50228	500	501	-0.000564708	2.59119e-05
5.50928	500	501	-0.000593068	2.47022e-05
5.51628	500	501	-0.000622458	2.35466e-05
5.52328	500	501	-0.000652914	2.24428e-05
5.53028	500	501	-0.000684463	2.13886e-05
5.53728	500	501	-0.000717131	2.03819e-05
5.54428	500	501	-0.000750954	1.94206e-05
5.55128	500	501	-0.000785972	1.85029e-05
5.55828	500	501	-0.000822214	1.76268e-05
5.56528	500	501	-0.000859711	1.67904e-05
5.57228	500	501	-0.000898501	1.59922e-05
5.57928	500	501	-0.000938625	1.52304e-05
5.58628	500	501	-0.000980116	1.45034e-05
5.59329	500	501	 -0.001023	1.38098e-05
5.60029	500	501	-0.00106733	1.3148e-05
5.60729	500	501	-0.00111314	1.25167e-05
5.61429	500	501	-0.00116046	1.19145e-05
5.62129	500	501	-0.00120934	1.13402e-05
5.62829	500	501	-0.00125982	1.07925e-05
5.63529	500	501	-0.00131194	1.02702e-05
5.64229	500	501	-0.00136574	9.77218e-06
5.64929	500	501	-0.00142125	9.29741e-06
5.65629	500	501	-0.00147853	8.84482e-06
5.66329	500	501	-0.00153762	8.41343e-06
5.67029	500	501	-0.00159856	8.00229e-06
5.67729	500	501	-0.00166139	7.61047e-06
5.68429	500	501	-0.00172617	7.23713e-06
5.69129	500	501	-0.00179294	6.88141e-06
5.69829	500	501	-0.00186175	6.54252e-06
5.70529	500	501	-0.00193263	6.21971e-06
5.71229	500	501	-0.00200565	5.91223e-06
5.71929	500	501	-0.00208085	5.6194e-06
5.72629	500	501	-0.00215828	5.34053e-06
5.73329	500	501	-0.00223799	5.07501e-06
5.74029	500	501	-0.00232003	4.8222e-06
5.74729	500	501	-0.00240446	4.58153e-06
5.75429	500	501	-0.00249132	4.35244e-06
5.76129	500	501	-0.00258068	4.13439e-06
5.76829	500	501	-0.00267257	3.92688e-06
5.77529	500	501	-0.00276707	3.72941e-06
5.78229	500	501	-0.00286422	3.54152e-06
5.7893	500	501	-0.00296408	3.36276e-06
5.7963	500	501	-0.00306671	3.1927e-06
5.8033	500	501	-0.00317216	3.03095e-06
5.8103	500	501	-0.00328049	2.8771e-06
5.8173	500	501	-0.00339177	2.73079e-06
5.8243	500	501	-0.00350604	2.59166e-06
5.8313	500	501	-0.00362338	2.45938e-06
5.8383	500	501	-0.00374384	2.33362e-06
5.8453	500	501	-0.00386748	2.21406e-06
5.8523	500	501	-0.00399436	2.10043e-06
5.8593	500	501	-0.00412455	1.99242e-06
5.8663	500	501	-0.00425812	1.88979e-06
5.8733	500	501	-0.00439512	1.79226e-06
5.8803	500	501	-0.00453562	1.6996e-06
5.8873	500	501	-0.00467969	1.61156e-06
5.8943	500	501	-0.00482739	1.52794e-06
5.9013	500	501	-0.00497878	1.44851e-06
5.9083	500	501	-0.00513394	1.37307e-06
5.9153	500	501	-0.00529293	1.30143e-06
5.9223	500	501	-0.00545583	1.23341e-06
5.9293	500	501	-0.00562269	1.16883e-06
5.9363	500	501	-0.0057936	1.10751e-06
5.9433	500	501	-0.00596861	1.04931e-06
5.9503	500	501	-0.0061478	9.94072e-07
5.9573	500	501	-0.00633124	9.41646e-07
5.9643	500	501	 -0.006519	8.91896e-07
5.9713	500	501	-0.00671116	8.44691e-07
5.9783	500	501	-0.00690779	7.99904e-07
5.98531	500	501	-0.00710895	7.57417e-07
5.99231	500	501	-0.00731472	7.17116e-07
5.99931	500	501	-0.00752518	6.78891e-07
6.00631	500	501	-0.00774041	6.4264e-07
6.01331	500	501	-0.00796047	6.08264e-07
6.02031	500	501	-0.00818543	5.7567e-07
6.02731	500	501	-0.00841538	5.44768e-07
6.03431	500	501	-0.00865039	5.15474e-07
6.04131	500	501	-0.00889054	4.87707e-07
6.04831	500	501	-0.0091359	4.61389e-07
6.05531	500	501	-0.00938655	4.36449e-07
6.06231	500	501	-0.00964257	4.12815e-07
6.06931	500	501	-0.00990403	3.90423e-07
6.07631	500	501	 -0.010171	3.69208e-07
6.08331	500	501	-0.0104436	3.49112e-07
6.09031	500	501	-0.0107218	3.30076e-07
6.09731	500	501	-0.0110058	3.12048e-07
6.10431	500	501	-0.0112957	2.94974e-07
6.11131	500	501	-0.0115914	2.78808e-07
6.11831	500	501	-0.0118932	2.63501e-07
6.12531	500	501	-0.0122009	2.4901e-07
6.13231	500	501	-0.0125149	2.35292e-07
6.13931	500	501	 -0.012835	2.22308e-07
6.14631	500	501	-0.0131615	2.1002e-07
6.15331	500	501	-0.0134943	1.98391e-07
6.16031	500	501	-0.0138336	1.87388e-07
6.16731	500	501	-0.0141795	1.76977e-07
6.17431	500	501	-0.0145319	1.67128e-07
6.18132	500	501	 -0.014891	1.57811e-07
6.18832	500	501	-0.0152569	1.48999e-07
6.19532	500	501	-0.0156296	1.40665e-07
6.20232	500	501	-0.0160093	1.32784e-07
6.20932	500	501	-0.0163959	1.25332e-07
6.21632	500	501	-0.0167897	1.18287e-07
6.22332	500	501	-0.0171905	1.11626e-07
6.23032	500	501	-0.0175986	1.05331e-07
6.23732	500	501	 -0.018014	9.938e-08
6.24432	500	501	-0.0184368	9.37562e-08
6.25132	500	501	 -0.018867	8.84419e-08
6.25832	500	501	-0.0193048	8.34205e-08
6.26532	500	501	-0.0197501	7.86764e-08
6.27232	500	501	-0.0202031	7.41948e-08
6.27932	500	501	-0.0206639	6.99615e-08
6.28632	500	501	-0.0211325	6.59632e-08
6.29332	500	501	-0.0216089	6.21872e-08
6.30032	500	501	-0.0220933	5.86215e-08
6.30732	500	501	-0.0225858	5.52548e-08
6.31432	500	501	-0.0230863	5.20763e-08
6.32132	500	501	 -0.023595	4.90758e-08
6.32832	500	501	-0.0241119	4.62436e-08
6.33532	500	501	-0.0246371	4.35705e-08
6.34232	500	501	-0.0251707	4.10478e-08
6.34932	500	501	-0.0257127	3.86674e-08
6.35632	500	501	-0.0262632	3.64213e-08
6.36332	500	501	-0.0268222	3.43024e-08
6.37032	500	501	-0.0273899	3.23035e-08
6.37733	500	501	-0.0279662	3.04181e-08
6.38433	500	501	-0.0285513	2.86399e-08
6.39133	500	501	-0.0291451	2.69629e-08
6.39833	500	501	-0.0297478	2.53817e-08
6.40533	500	501	-0.0303595	2.38908e-08
6.41233	500	501	  -0.03098	2.24852e-08
6.41933	500	501	-0.0316096	2.11602e-08
6.42633	500	501	-0.0322483	1.99114e-08
6.43333	500	501	 -0.032896	1.87344e-08
6.44033	500	501	 -0.033553	1.76252e-08
6.44733	500	501	-0.0342191	1.658e-08
6.45433	500	501	-0.0348945	1.55953e-08
6.46133	500	501	-0.0355792	1.46676e-08
6.46833	500	501	-0.0362733	1.37937e-08
6.47533	500	501	-0.0369768	1.29706e-08
6.48233	500	501	-0.0376896	1.21954e-08
6.48933	500	501	 -0.038412	1.14654e-08
6.49633	500	501	-0.0391439	1.0778e-08
6.50333	500	501	-0.0398853	1.01308e-08
6.51033	500	501	-0.0406363	9.52158e-09
6.51733	500	501	-0.0413969	8.94807e-09
6.52433	500	501	-0.0421671	8.40828e-09
6.53133	500	501	-0.0429471	7.90027e-09
6.53833	500	501	-0.0437367	7.42221e-09
6.54533	500	501	 -0.044536	6.97239e-09
6.55233	500	501	-0.0453451	6.54918e-09
6.55933	500	501	 -0.046164	6.15105e-09
6.56633	500	501	-0.0469926	5.77655e-09
6.57334	500	501	 -0.047831	5.42431e-09
6.58034	500	501	-0.0486793	5.09305e-09
6.58734	500	501	-0.0495374	4.78154e-09
6.59434	500	501	-0.0504054	4.48864e-09
6.60134	500	501	-0.0512832	4.21326e-09
6.60834	500	501	-0.0521708	3.95439e-09
6.61534	500	501	-0.0530683	3.71106e-09
6.62234	500	501	-0.0539757	3.48235e-09
6.62934	500	501	 -0.054893	3.26741e-09
6.63634	500	501	-0.0558201	3.06544e-09
6.64334	500	501	-0.0567571	2.87567e-09
6.65034	500	501	 -0.057704	2.69737e-09
6.65734	500	501	-0.0586607	2.52988e-09
6.66434	500	501	-0.0596273	2.37256e-09
6.67134	500	501	-0.0606037	2.2248e-09
6.67834	500	501	-0.0615899	2.08603e-09
6.68534	500	501	-0.0625859	1.95573e-09
6.69234	500	501	-0.0635916	1.83338e-09
6.69934	500	501	-0.0646072	1.71852e-09
6.70634	500	501	-0.0656324	1.61069e-09
6.71334	500	501	-0.0666674	1.50948e-09
6.72034	500	501	-0.0677121	1.41449e-09
6.72734	500	501	-0.0687664	1.32534e-09
6.73434	500	501	-0.0698303	1.24169e-09
6.74134	500	501	-0.0709037	1.16321e-09
6.74834	500	501	-0.0719868	1.08958e-09
6.75534	500	501	-0.0730793	1.0205e-09
6.76234	500	501	-0.0741813	9.55716e-10
6.76935	500	501	-0.0752926	8.94952e-10
6.77635	500	501	-0.0764134	8.37969e-10
6.78335	500	501	-0.0775434	7.84536e-10
6.79035	500	501	-0.0786827	7.34437e-10
6.79735	500	501	-0.0798312	6.87469e-10
6.80435	500	501	-0.0809889	6.43442e-10
6.81135	500	501	-0.0821556	6.02174e-10
6.81835	500	501	-0.0833313	5.63497e-10
6.82535	500	501	 -0.084516	5.27252e-10
6.83235	500	501	-0.0857096	4.9329e-10
6.83935	500	501	 -0.086912	4.61469e-10
6.84635	500	501	-0.0881231	4.31659e-10
6.85335	500	501	-0.0893429	4.03734e-10
6.86035	500	501	-0.0905713	3.77578e-10
6.86735	500	501	-0.0918082	3.53082e-10
6.87435	500	501	-0.0930535	3.30142e-10
6.88135	500	501	-0.0943071	3.08662e-10
6.88835	500	501	 -0.095569	2.88551e-10
6.89535	500	501	-0.0968391	2.69724e-10
6.90235	500	501	-0.0981172	2.521e-10
6.90935	500	501	-0.0994034	2.35605e-10
6.91635	500	501	 -0.100697	2.20167e-10
6.92335	500	501	 -0.101999	2.0572e-10
6.93035	500	501	 -0.103309	1.92202e-10
6.93735	500	501	 -0.104626	1.79554e-10
6.94435	500	501	  -0.10595	1.67723e-10
6.95135	500	501	 -0.107282	1.56655e-10
6.95835	500	501	 -0.108621	1.46303e-10
6.96536	500	501	 -0.109967	1.36622e-10
6.97236	500	501	 -0.111321	1.27568e-10
6.97936	500	501	 -0.112681	1.19103e-10
6.98636	500	501	 -0.114048	1.11189e-10
6.99336	500	501	 -0.115421	1.0379e-10
7.00036	500	501	 -0.116801	9.6874e-11
7.00736	500	501	 -0.118188	9.04098e-11
7.01436	500	501	 -0.119581	8.43686e-11
7.02136	500	501	  -0.12098	7.87233e-11
7.02836	500	501	 -0.122385	7.34485e-11
7.03536	500	501	 -0.123796	6.85203e-11
7.04236	500	501	 -0.125212	6.39165e-11
7.04936	500	501	 -0.126635	5.96161e-11
7.05636	500	501	 -0.128062	5.55995e-11
7.06336	500	501	 -0.129496	5.18484e-11
7.07036	500	501	 -0.130934	4.83456e-11
7.07736	500	501	 -0.132377	4.5075e-11
7.08436	500	501	 -0.133825	4.20214e-11
7.09136	500	501	 -0.135278	3.91709e-11
7.09836	500	501	 -0.136736	3.65101e-11
7.10536	500	501	 -0.138198	3.40267e-11
7.11236	500	501	 -0.139665	3.1709e-11
7.11936	500	501	 -0.141135	2.95463e-11
7.12636	500	501	  -0.14261	2.75284e-11
7.13336	500	501	 -0.144088	2.56458e-11
7.14036	500	501	  -0.14557	2.38895e-11
7.14736	500	501	 -0.147056	2.22513e-11
7.15436	500	501	 -0.148544	2.07234e-11
7.16137	500	501	 -0.150037	1.92985e-11
7.16837	500	501	 -0.151532	1.79698e-11
7.17537	500	501	  -0.15303	1.6731e-11
7.18237	500	501	  -0.15453	1.5576e-11
7.18937	500	501	 -0.156034	1.44992e-11
7.19637	500	501	 -0.157539	1.34956e-11
7.20337	500	501	 -0.159047	1.25602e-11
7.21037	500	501	 -0.160557	1.16885e-11
7.21737	500	501	 -0.162069	1.08762e-11
7.22437	500	501	 -0.163582	1.01194e-11
7.23137	500	501	 -0.165097	9.41429e-12
7.23837	500	501	 -0.166614	8.75745e-12
7.24537	500	501	 -0.168131	8.14563e-12
7.25237	500	501	 -0.169649	7.5758e-12
7.25937	500	501	 -0.171169	7.04514e-12
7.26637	500	501	 -0.172689	6.551e-12
7.27337	500	501	 -0.174209	6.09092e-12
7.28037	500	501	  -0.17573	5.66259e-12
7.28737	500	501	 -0.177251	5.26386e-12
7.29437	500	501	 -0.178772	4.89272e-12
7.30137	500	501	 -0.180292	4.5473e-12
7.30837	500	501	 -0.181812	4.22585e-12
7.31537	500	501	 -0.183332	3.92673e-12
7.32237	500	501	 -0.184851	3.64842e-12
7.32937	500	501	 -0.186369	3.38951e-12
7.33637	500	501	 -0.187886	3.14866e-12
7.34337	500	501	 -0.189401	2.92463e-12
7.35037	500	501	 -0.190915	2.71627e-12
7.35738	500	501	 -0.192428	2.52251e-12
7.36438	500	501	 -0.193938	2.34234e-12
7.37138	500	501	 -0.195447	2.17482e-12
7.37838	500	501	 -0.196953	2.01908e-12
7.38538	500	501	 -0.198458	1.87431e-12
7.39238	500	501	 -0.199959	1.73975e-12
7.39938	500	501	 -0.201458	1.61468e-12
7.40638	500	501	 -0.202954	1.49846e-12
7.41338	500	501	 -0.204447	1.39047e-12
7.42038	500	501	 -0.205937	1.29014e-12
7.42738	500	501	 -0.207424	1.19692e-12
7.43438	500	501	 -0.208907	1.11033e-12
7.44138	500	501	 -0.210386	1.0299e-12
7.44838	500	501	 -0.211861	9.55207e-13
7.45538	500	501	 -0.213332	8.85841e-13
7.46238	500	501	 -0.214799	8.21431e-13
7.46938	500	501	 -0.216262	7.61629e-13
7.47638	500	501	  -0.21772	7.06111e-13
7.48338	500	501	 -0.219174	6.54575e-13
7.49038	500	501	 -0.220622	6.0674e-13
7.49738	500	501	 -0.222066	5.62345e-13
7.50438	500	501	 -0.223504	5.21147e-13
7.51138	500	501	 -0.224937	4.8292e-13
7.51838	500	501	 -0.226364	4.47453e-13
7.52538	500	501	 -0.227786	4.14549e-13
7.53238	500	501	 -0.229202	3.84027e-13
7.53938	500	501	 -0.230612	3.55717e-13
7.54638	500	501	 -0.232016	3.29461e-13
7.55339	500	501	 -0.233413	3.05113e-13
7.56039	500	501	 -0.234804	2.82537e-13
7.56739	500	501	 -0.236189	2.61605e-13
7.57439	500	501	 -0.237567	2.422e-13
7.58139	500	501	 -0.238938	2.24212e-13
7.58839	500	501	 -0.240301	2.0754e-13
7.59539	500	501	 -0.241658	1.92089e-13
7.60239	500	501	 -0.243008	1.7777e-13
7.60939	500	501	  -0.24435	1.64502e-13
7.61639	500	501	 -0.245684	1.5221e-13
7.62339	500	501	 -0.247011	1.40822e-13
7.63039	500	501	  -0.24833	1.30273e-13
7.63739	500	501	 -0.249641	1.20502e-13
7.64439	500	501	 -0.250944	1.11454e-13
7.65139	500	501	 -0.252239	1.03074e-13
7.65839	500	501	 -0.253525	9.53155e-14
7.66539	500	501	 -0.254803	8.8132e-14
7.67239	500	501	 -0.256072	8.14819e-14
7.67939	500	501	 -0.257333	7.5326e-14
7.68639	500	501	 -0.258585	6.96284e-14
7.69339	500	501	 -0.259828	6.43554e-14
7.70039	500	501	 -0.261062	5.94758e-14
7.70739	500	501	 -0.262286	5.49607e-14
7.71439	500	501	 -0.263502	5.07834e-14
7.72139	500	501	 -0.264708	4.6919e-14
7.72839	500	501	 -0.265905	4.33444e-14
7.73539	500	501	 -0.267092	4.00381e-14
7.74239	500	501	 -0.268269	3.69804e-14
7.7494	500	501	 -0.269437	3.41528e-14
7.7564	500	501	 -0.270595	3.15383e-14
7.7634	500	501	 -0.271743	2.91211e-14
7.7704	500	501	 -0.272881	2.68865e-14
7.7774	500	501	 -0.274009	2.48209e-14
7.7844	500	501	 -0.275127	2.29117e-14
7.7914	500	501	 -0.276234	2.11473e-14
7.7984	500	501	 -0.277331	1.95168e-14
7.8054	500	501	 -0.278418	1.80103e-14
7.8124	500	501	 -0.279494	1.66184e-14
7.8194	500	501	  -0.28056	1.53326e-14
7.8264	500	501	 -0.281615	1.41448e-14
7.8334	500	501	 -0.282659	1.30478e-14
7.8404	500	501	 -0.283693	1.20347e-14
7.8474	500	501	 -0.284715	1.10991e-14
7.8544	500	501	 -0.285727	1.02353e-14
7.8614	500	501	 -0.286728	9.43776e-15
7.8684	500	501	 -0.287718	8.70151e-15
7.8754	500	501	 -0.288697	8.02189e-15
7.8824	500	501	 -0.289665	7.39463e-15
7.8894	500	501	 -0.290621	6.81574e-15
7.8964	500	501	 -0.291567	6.28155e-15
7.9034	500	501	 -0.292501	5.78866e-15
7.9104	500	501	 -0.293424	5.33391e-15
7.9174	500	501	 -0.294335	4.9144e-15
7.9244	500	501	 -0.295236	4.52744e-15
7.9314	500	501	 -0.296125	4.17054e-15
7.9384	500	501	 -0.297002	3.84139e-15
7.94541	500	501	 -0.297868	3.53787e-15
7.95241	500	501	 -0.298723	3.25801e-15
7.95941	500	501	 -0.299566	2.99999e-15
7.96641	500	501	 -0.300397	2.76214e-15
7.97341	500	501	 -0.301217	2.54289e-15
7.98041	500	501	 -0.302026	2.34081e-15
7.98741	500	501	 -0.302823	2.15458e-15
7.99441	500	501	 -0.303608	1.98297e-15
8.00141	500	501	 -0.304382	1.82484e-15
8.00841	500	501	 -0.305144	1.67916e-15
8.01541	500	501	 -0.305894	1.54496e-15
8.02241	500	501	 -0.306633	1.42134e-15
8.02941	500	501	 -0.307361	1.30749e-15
8.03641	500	501	 -0.308077	1.20263e-15
8.04341	500	501	 -0.308781	1.10608e-15
8.05041	500	501	 -0.309473	1.01718e-15
8.05741	500	501	 -0.310154	9.35326e-16
8.06441	500	501	 -0.310824	8.59978e-16
8.07141	500	501	 -0.311481	7.90621e-16
8.07841	500	501	 -0.312128	7.26787e-16
8.08541	500	501	 -0.312762	6.6804e-16
8.09241	500	501	 -0.313386	6.13981e-16
8.09941	500	501	 -0.313997	5.64241e-16
8.10641	500	501	 -0.314597	5.1848e-16
8.11341	500	501	 -0.315186	4.76382e-16
8.12041	500	501	 -0.315763	4.3766e-16
8.12741	500	501	 -0.316329	4.02045e-16
8.13441	500	501	 -0.316884	3.69292e-16
8.14142	500	501	 -0.317427	3.39174e-16
8.14842	500	501	 -0.317959	3.11481e-16
8.15542	500	501	 -0.318479	2.86022e-16
8.16242	500	501	 -0.318989	2.62617e-16
8.16942	500	501	 -0.319487	2.41103e-16
8.17642	500	501	 -0.319973	2.21331e-16
8.18342	500	501	 -0.320449	2.03159e-16
8.19042	500	501	 -0.320914	1.86461e-16
8.19742	500	501	 -0.321367	1.71119e-16
8.20442	500	501	  -0.32181	1.57023e-16
8.21142	500	501	 -0.322241	1.44075e-16
8.21842	500	501	 -0.322662	1.32181e-16
8.22542	500	501	 -0.323072	1.21257e-16
8.23242	500	501	 -0.323471	1.11225e-16
8.23942	500	501	 -0.323859	1.02013e-16
8.24642	500	501	 -0.324237	9.3554e-17
8.25342	500	501	 -0.324603	8.57885e-17
8.26042	500	501	  -0.32496	7.86597e-17
8.26742	500	501	 -0.325305	7.21162e-17
8.27442	500	501	  -0.32564	6.61105e-17
8.28142	500	501	 -0.325965	6.0599e-17
8.28842	500	501	  -0.32628	5.55414e-17
8.29542	500	501	 -0.326584	5.0901e-17
8.30242	500	501	 -0.326877	4.66436e-17
8.30942	500	501	 -0.327161	4.27381e-17
8.31642	500	501	 -0.327435	3.91558e-17
8.32342	500	501	 -0.327698	3.58702e-17
8.33042	500	501	 -0.327951	3.2857e-17
8.33743	500	501	 -0.328195	3.0094e-17
8.34443	500	501	 -0.328429	2.75606e-17
8.35143	500	501	 -0.328653	2.5238e-17
8.35843	500	501	 -0.328867	2.31088e-17
8.36543	500	501	 -0.329071	2.11572e-17
8.37243	500	501	 -0.329266	1.93685e-17
8.37943	500	501	 -0.329452	1.77293e-17
8.38643	500	501	 -0.329628	1.62271e-17
8.39343	500	501	 -0.329794	1.48508e-17
8.40043	500	501	 -0.329952	1.35899e-17
8.40743	500	501	   -0.3301	1.24348e-17
8.41443	500	501	 -0.330239	1.13768e-17
8.42143	500	501	 -0.330369	1.04078e-17
8.42843	500	501	  -0.33049	9.52034e-18
8.43543	500	501	 -0.330602	8.70771e-18
8.44243	500	501	 -0.330706	7.96366e-18
8.44943	500	501	   -0.3308	7.28247e-18
8.45643	500	501	 -0.330886	6.65889e-18
8.46343	500	501	 -0.330964	6.0881e-18
8.47043	500	501	 -0.331032	5.56569e-18
8.47743	500	501	 -0.331093	5.08761e-18
8.48443	500	501	 -0.331145	4.65013e-18
8.49143	500	501	 -0.331189	4.24985e-18
8.49843	500	501	 -0.331225	3.88365e-18
8.50543	500	501	 -0.331252	3.54865e-18
8.51243	500	501	 -0.331272	3.24222e-18
8.51943	500	501	 -0.331283	2.96197e-18
8.52643	500	501	 -0.331287	2.70567e-18
8.53344	500	501	 -0.331283	2.4713e-18
8.54044	500	501	 -0.331271	2.25702e-18
8.54744	500	501	 -0.331252	2.06111e-18
8.55444	500	501	 -0.331225	1.88202e-18
8.56144	500	501	 -0.331191	1.71832e-18
8.56844	500	501	 -0.331149	1.56871e-18
8.57544	500	501	   -0.3311	1.43198e-18
8.58244	500	501	 -0.331044	1.30704e-18
8.58944	500	501	 -0.330981	1.19288e-18
8.59644	500	501	 -0.330911	1.08858e-18
8.60344	500	501	 -0.330834	9.93311e-19
8.61044	500	501	 -0.330749	9.06286e-19
8.61744	500	501	 -0.330659	8.26804e-19
8.62444	500	501	 -0.330561	7.54218e-19
8.63144	500	501	 -0.330457	6.87937e-19
8.63844	500	501	 -0.330346	6.27419e-19
8.64544	500	501	 -0.330229	5.72168e-19
8.65244	500	501	 -0.330106	5.21731e-19
8.65944	500	501	 -0.329976	4.75693e-19
8.66644	500	501	  -0.32984	4.33675e-19
8.67344	500	501	 -0.329698	3.95329e-19
8.68044	500	501	 -0.329549	3.60338e-19
8.68744	500	501	 -0.329395	3.28412e-19
8.69444	500	501	 -0.329235	2.99285e-19
8.70144	500	501	 -0.329069	2.72714e-19
8.70844	500	501	 -0.328898	2.48478e-19
8.71544	500	501	  -0.32872	2.26374e-19
8.72244	500	501	 -0.328538	2.06215e-19
8.72945	500	501	 -0.328349	1.87833e-19
8.73645	500	501	 -0.328156	1.71073e-19
8.74345	500	501	 -0.327957	1.55793e-19
8.75045	500	501	 -0.327752	1.41863e-19
8.75745	500	501	 -0.327543	1.29167e-19
8.76445	500	501	 -0.327328	1.17595e-19
8.77145	500	501	 -0.327108	1.07049e-19
8.77845	500	501	 -0.326884	9.74395e-20
8.78545	500	501	 -0.326654	8.86837e-20
8.79245	500	501	  -0.32642	8.07068e-20
8.79945	500	501	 -0.326181	7.34401e-20
8.80645	500	501	 -0.325937	6.68211e-20
8.81345	500	501	 -0.325689	6.07927e-20
8.82045	500	501	 -0.325436	5.53027e-20
8.82745	500	501	 -0.325179	5.03035e-20
8.83445	500	501	 -0.324917	4.57517e-20
8.84145	500	501	 -0.324652	4.16077e-20
8.84845	500	501	 -0.324381	3.78353e-20
8.85545	500	501	 -0.324107	3.44015e-20
8.86245	500	501	 -0.323829	3.12763e-20
8.86945	500	501	 -0.323546	2.84322e-20
8.87645	500	501	  -0.32326	2.58442e-20
8.88345	500	501	  -0.32297	2.34894e-20
8.89045	500	501	 -0.322676	2.13471e-20
8.89745	500	501	 -0.322378	1.93982e-20
8.90445	500	501	 -0.322076	1.76256e-20
8.91145	500	501	 -0.321771	1.60133e-20
8.91845	500	501	 -0.321463	1.45471e-20
8.92546	500	501	 -0.321151	1.32138e-20
8.93246	500	501	 -0.320835	1.20016e-20
8.93946	500	501	 -0.320516	1.08994e-20
8.94646	500	501	 -0.320194	9.89755e-21
8.95346	500	501	 -0.319868	8.98688e-21
8.96046	500	501	  -0.31954	8.15919e-21
8.96746	500	501	 -0.319208	7.407e-21
8.97446	500	501	 -0.318873	6.72349e-21
8.98146	500	501	 -0.318535	6.10245e-21
8.98846	500	501	 -0.318195	5.53823e-21
8.99546	500	501	 -0.317851	5.02568e-21
9.00246	500	501	 -0.317505	4.56012e-21
9.00946	500	501	 -0.317155	4.13728e-21
9.01646	500	501	 -0.316803	3.75327e-21
9.02346	500	501	 -0.316449	3.40457e-21
9.03046	500	501	 -0.316092	3.08797e-21
9.03746	500	501	 -0.315732	2.80053e-21
9.04446	500	501	  -0.31537	2.53959e-21
9.05146	500	501	 -0.315005	2.30274e-21
9.05846	500	501	 -0.314638	2.08777e-21
9.06546	500	501	 -0.314269	1.89269e-21
9.07246	500	501	 -0.313897	1.71566e-21
9.07946	500	501	 -0.313523	1.55504e-21
9.08646	500	501	 -0.313147	1.40932e-21
9.09346	500	501	 -0.312769	1.27713e-21
9.10046	500	501	 -0.312389	1.15722e-21
9.10746	500	501	 -0.312007	1.04847e-21
9.11446	500	501	 -0.311622	9.49839e-22
9.12147	500	501	 -0.311236	8.60406e-22
9.12847	500	501	 -0.310848	7.79316e-22
9.13547	500	501	 -0.310458	7.05799e-22
9.14247	500	501	 -0.310066	6.39154e-22
9.14947	500	501	 -0.309673	5.78745e-22
9.15647	500	501	 -0.309278	5.23994e-22
9.16347	500	501	 -0.308881	4.74376e-22
9.17047	500	501	 -0.308483	4.29414e-22
9.17747	500	501	 -0.308083	3.88675e-22
9.18447	500	501	 -0.307681	3.51767e-22
9.19147	500	501	 -0.307278	3.18331e-22
9.19847	500	501	 -0.306873	2.88046e-22
9.20547	500	501	 -0.306467	2.60616e-22
9.21247	500	501	  -0.30606	2.35775e-22
9.21947	500	501	 -0.305651	2.1328e-22
9.22647	500	501	 -0.305241	1.92913e-22
9.23347	500	501	  -0.30483	1.74474e-22
9.24047	500	501	 -0.304418	1.57781e-22
9.24747	500	501	 -0.304004	1.42672e-22
9.25447	500	501	 -0.303589	1.28996e-22
9.26147	500	501	 -0.303173	1.1662e-22
9.26847	500	501	 -0.302757	1.05421e-22
9.27547	500	501	 -0.302339	9.52882e-23
9.28247	500	501	  -0.30192	8.61206e-23
9.28947	500	501	   -0.3015	7.78274e-23
9.29647	500	501	 -0.301079	7.03259e-23
9.30347	500	501	 -0.300657	6.35412e-23
9.31047	500	501	 -0.300234	5.74054e-23
9.31748	500	501	  -0.29981	5.18569e-23
9.32448	500	501	 -0.299386	4.68401e-23
9.33148	500	501	 -0.298961	4.23045e-23
9.33848	500	501	 -0.298535	3.82043e-23
9.34548	500	501	 -0.298108	3.44981e-23
9.35248	500	501	 -0.297681	3.11484e-23
9.35948	500	501	 -0.297253	2.81212e-23
9.36648	500	501	 -0.296824	2.53856e-23
9.37348	500	501	 -0.296395	2.29139e-23
9.38048	500	501	 -0.295965	2.06809e-23
9.38748	500	501	 -0.295535	1.86636e-23
9.39448	500	501	 -0.295104	1.68414e-23
9.40148	500	501	 -0.294673	1.51956e-23
9.40848	500	501	 -0.294241	1.37093e-23
9.41548	500	501	 -0.293808	1.23672e-23
9.42248	500	501	 -0.293375	1.11554e-23
9.42948	500	501	 -0.292942	1.00613e-23
9.43648	500	501	 -0.292509	9.0736e-24
9.44348	500	501	 -0.292075	8.18208e-24
9.45048	500	501	 -0.291641	7.37742e-24
9.45748	500	501	 -0.291206	6.65124e-24
9.46448	500	501	 -0.290771	5.99595e-24
9.47148	500	501	 -0.290336	5.40469e-24
9.47848	500	501	 -0.289901	4.87125e-24
9.48548	500	501	 -0.289465	4.39003e-24
9.49248	500	501	 -0.289029	3.95595e-24
9.49948	500	501	 -0.288593	3.56445e-24
9.50648	500	501	 -0.288157	3.21138e-24
9.51349	500	501	 -0.287721	2.89299e-24
9.52049	500	501	 -0.287285	2.60591e-24
9.52749	500	501	 -0.286848	2.34709e-24
9.53449	500	501	 -0.286412	2.11377e-24
9.54149	500	501	 -0.285975	1.90345e-24
9.54849	500	501	 -0.285538	1.71389e-24
9.55549	500	501	 -0.285102	1.54306e-24
9.56249	500	501	 -0.284665	1.38912e-24
9.56949	500	501	 -0.284228	1.25041e-24
9.57649	500	501	 -0.283792	1.12544e-24
9.58349	500	501	 -0.283355	1.01286e-24
9.59049	500	501	 -0.282918	9.11455e-25
9.59749	500	501	 -0.282482	8.2012e-25
9.60449	500	501	 -0.282045	7.37865e-25
9.61149	500	501	 -0.281609	6.63794e-25
9.61849	500	501	 -0.281173	5.971e-25
9.62549	500	501	 -0.280737	5.37054e-25
9.63249	500	501	 -0.280301	4.82999e-25
9.63949	500	501	 -0.279865	4.34342e-25
9.64649	500	501	 -0.279429	3.90548e-25
9.65349	500	501	 -0.278994	3.51135e-25
9.66049	500	501	 -0.278559	3.15668e-25
9.66749	500	501	 -0.278124	2.83756e-25
9.67449	500	501	 -0.277689	2.55045e-25
9.68149	500	501	 -0.277254	2.29216e-25
9.68849	500	501	  -0.27682	2.05983e-25
9.69549	500	501	 -0.276386	1.85086e-25
9.70249	500	501	 -0.275952	1.66293e-25
9.7095	500	501	 -0.275519	1.49393e-25
9.7165	500	501	 -0.275086	1.34198e-25
9.7235	500	501	 -0.274653	1.20536e-25
9.7305	500	501	  -0.27422	1.08255e-25
9.7375	500	501	 -0.273788	9.7215e-26
9.7445	500	501	 -0.273356	8.72925e-26
9.7515	500	501	 -0.272924	7.8375e-26
9.7585	500	501	 -0.272493	7.03616e-26
9.7655	500	501	 -0.272062	6.31612e-26
9.7725	500	501	 -0.271632	5.66922e-26
9.7795	500	501	 -0.271202	5.08806e-26
9.7865	500	501	 -0.270772	4.56604e-26
9.7935	500	501	 -0.270343	4.09716e-26
9.8005	500	501	 -0.269914	3.67608e-26
9.8075	500	501	 -0.269486	3.29794e-26
9.8145	500	501	 -0.269058	2.95841e-26
9.8215	500	501	  -0.26863	2.65357e-26
9.8285	500	501	 -0.268203	2.37991e-26
9.8355	500	501	 -0.267776	2.13427e-26
9.8425	500	501	  -0.26735	1.91378e-26
9.8495	500	501	 -0.266925	1.71591e-26
9.8565	500	501	 -0.266499	1.53834e-26
9.8635	500	501	 -0.266075	1.37902e-26
9.8705	500	501	 -0.265651	1.23607e-26
9.8775	500	501	 -0.265228	1.10783e-26
9.8845	500	501	 -0.264805	9.92799e-27
9.8915	500	501	 -0.264383	8.89624e-27
9.8985	500	501	 -0.263962	7.97092e-27
9.90551	500	501	 -0.263542	7.14115e-27
9.91251	500	501	 -0.263123	6.39712e-27
9.91951	500	501	 -0.262705	5.73005e-27
9.92651	500	501	 -0.262289	5.13203e-27
9.93351	500	501	 -0.261875	4.59598e-27
9.94051	500	501	 -0.261463	4.11551e-27
9.94751	500	501	 -0.261053	3.6849e-27
9.95451	500	501	 -0.260646	3.29903e-27
9.96151	500	501	 -0.260242	2.95327e-27
9.96851	500	501	 -0.259843	2.64349e-27
9.97551	500	501	 -0.259448	2.36597e-27
9.98251	500	501	 -0.259059	2.11738e-27
9.98951	500	501	 -0.258676	1.89472e-27
9.99651	500	501	 -0.258299	1.6953e-27
10.0035	500	501	 -0.257931	1.51673e-27
10.0105	500	501	 -0.257571	1.35683e-27
10.0175	500	501	  -0.25722	1.21367e-27
10.0245	500	501	 -0.256879	1.08551e-27
10.0315	500	501	 -0.256548	9.70783e-28
10.0385	500	501	 -0.256227	8.68098e-28
10.0455	500	501	 -0.255917	7.76198e-28
10.0525	500	501	 -0.255616	6.93959e-28
10.0595	500	501	 -0.255326	6.20372e-28
10.0665	500	501	 -0.255045	5.54533e-28
10.0735	500	501	 -0.254771	4.95633e-28
10.0805	500	501	 -0.254505	4.42945e-28
10.0875	500	501	 -0.254244	3.9582e-28
10.0945	500	501	 -0.253989	3.53673e-28
10.1015	500	501	 -0.253737	3.15983e-28
10.1085	500	501	 -0.253489	2.82281e-28
10.1155	500	501	 -0.253243	2.5215e-28
10.1225	500	501	 -0.253001	2.25212e-28
10.1295	500	501	 -0.252762	2.01132e-28
10.1365	500	501	 -0.252527	1.7961e-28
10.1435	500	501	 -0.252298	1.60374e-28
10.1505	500	501	 -0.252077	1.43185e-28
10.1575	500	501	 -0.251865	1.27825e-28
10.1645	500	501	 -0.251664	1.14102e-28
10.1715	500	501	 -0.251474	1.01842e-28
10.1785	500	501	 -0.251298	9.08904e-29
10.1855	500	501	 -0.251134	8.11085e-29
10.1925	500	501	 -0.250984	7.23723e-29
10.1995	500	501	 -0.250847	6.45706e-29
10.2065	500	501	  -0.25072	5.76043e-29
10.2135	500	501	 -0.250604	5.13845e-29
10.2205	500	501	 -0.250497	4.58318e-29
10.2275	500	501	 -0.250397	4.08751e-29
10.2345	500	501	 -0.250305	3.64508e-29
10.2415	500	501	 -0.250221	3.25023e-29
10.2485	500	501	 -0.250146	2.89786e-29
10.2555	500	501	 -0.250081	2.58344e-29
10.2625	500	501	 -0.250028	2.3029e-29
10.2695	500	501	  -0.24999	2.05263e-29
10.2765	500	501	 -0.249967	1.82938e-29
10.2835	500	501	 -0.249961	1.63025e-29
10.2905	500	501	 -0.249971	1.45265e-29
10.2975	500	501	 -0.249999	1.29427e-29
10.3045	500	501	 -0.250042	1.15304e-29
10.3115	500	501	   -0.2501	1.02713e-29
10.3185	500	501	 -0.250171	9.1487e-30
10.3255	500	501	 -0.250255	8.14803e-30
10.3325	500	501	 -0.250351	7.25609e-30
10.3395	500	501	 -0.250459	6.46116e-30
10.3465	500	501	 -0.250582	5.75274e-30
10.3535	500	501	 -0.250722	5.1215e-30
10.3605	500	501	 -0.250879	4.55907e-30
10.3675	500	501	 -0.251057	4.058e-30
10.3745	500	501	 -0.251255	3.61165e-30
10.3815	500	501	 -0.251475	3.21408e-30
10.3885	500	501	 -0.251716	2.85999e-30
10.3955	500	501	 -0.251976	2.54466e-30
10.4025	500	501	 -0.252255	2.26388e-30
10.4095	500	501	  -0.25255	2.01388e-30
10.4165	500	501	 -0.252863	1.79131e-30
10.4235	500	501	 -0.253193	1.59318e-30
10.4305	500	501	 -0.253543	1.41682e-30
10.4375	500	501	 -0.253914	1.25987e-30
10.4445	500	501	 -0.254308	1.12019e-30
10.4515	500	501	 -0.254728	9.95896e-31
10.4585	500	501	 -0.255173	8.85309e-31
10.4655	500	501	 -0.255644	7.86923e-31
10.4725	500	501	 -0.256139	6.99403e-31
10.4795	500	501	 -0.256658	6.21555e-31
10.4865	500	501	 -0.257199	5.52318e-31
10.4935	500	501	 -0.257763	4.90745e-31
10.5005	500	501	 -0.258348	4.35993e-31
10.5075	500	501	 -0.258958	3.87312e-31
10.5145	500	501	 -0.259594	3.44033e-31
10.5215	500	501	 -0.260259	3.05559e-31
10.5285	500	501	 -0.260954	2.71362e-31
10.5355	500	501	 -0.261679	2.40967e-31
10.5425	500	501	 -0.262434	2.13957e-31
10.5495	500	501	 -0.263218	1.89955e-31
10.5565	500	501	  -0.26403	1.68629e-31
10.5635	500	501	 -0.264869	1.49683e-31
10.5705	500	501	 -0.265735	1.32852e-31
10.5775	500	501	  -0.26663	1.17902e-31
10.5845	500	501	 -0.267555	1.04624e-31
10.5915	500	501	 -0.268513	9.28326e-32
10.5985	500	501	 -0.269505	8.23618e-32
10.6055	500	501	 -0.270533	7.30649e-32
10.6125	500	501	 -0.271595	6.4811e-32
10.6195	500	501	 -0.272692	5.74838e-32
10.6265	500	501	  -0.27382	5.098e-32
10.6335	500	501	 -0.274981	4.52076e-32
10.6405	500	501	 -0.276174	4.00849e-32
10.6475	500	501	   -0.2774	3.55391e-32
10.6545	500	501	 -0.278662	3.15058e-32
10.6615	500	501	 -0.279963	2.79274e-32
10.6685	500	501	 -0.281303	2.4753e-32
10.6755	500	501	 -0.282682	2.19373e-32
10.6825	500	501	 -0.284101	1.944e-32
10.6895	500	501	 -0.285557	1.72252e-32
10.6965	500	501	 -0.287051	1.52613e-32
10.7035	500	501	  -0.28858	1.352e-32
10.7105	500	501	 -0.290147	1.19762e-32
10.7175	500	501	 -0.291754	1.06076e-32
10.7245	500	501	 -0.293402	9.39447e-33
10.7315	500	501	 -0.295094	8.31927e-33
10.7385	500	501	 -0.296831	7.3664e-33
10.7455	500	501	  -0.29861	6.52203e-33
10.7525	500	501	 -0.300432	5.77388e-33
10.7595	500	501	 -0.302295	5.11105e-33
10.7665	500	501	 -0.304199	4.52386e-33
10.7735	500	501	 -0.306144	4.00374e-33
10.7805	500	501	 -0.308133	3.54307e-33
10.7876	500	501	 -0.310168	3.1351e-33
10.7946	500	501	  -0.31225	2.77383e-33
10.8016	500	501	  -0.31438	2.45394e-33
10.8086	500	501	 -0.316557	2.17074e-33
10.8156	500	501	 -0.318781	1.92003e-33
10.8226	500	501	 -0.321048	1.69811e-33
10.8296	500	501	 -0.323361	1.50169e-33
10.8366	500	501	 -0.325719	1.32786e-33
10.8436	500	501	 -0.328124	1.17403e-33
10.8506	500	501	  -0.33058	1.03793e-33
10.8576	500	501	 -0.333086	9.1751e-34
10.8646	500	501	 -0.335644	8.10983e-34
10.8716	500	501	 -0.338251	7.16753e-34
10.8786	500	501	 -0.340907	6.3341e-34
10.8856	500	501	  -0.34361	5.59703e-34
10.8926	500	501	 -0.346361	4.94524e-34
10.8996	500	501	 -0.349162	4.36893e-34
10.9066	500	501	 -0.352014	3.85939e-34
10.9136	500	501	 -0.354919	3.40895e-34
10.9206	500	501	 -0.357878	3.01078e-34
10.9276	500	501	 -0.360889	2.65886e-34
10.9346	500	501	 -0.363952	2.34784e-34
10.9416	500	501	 -0.367065	2.073e-34
10.9486	500	501	 -0.370228	1.83016e-34
10.9556	500	501	 -0.373441	1.6156e-34
10.9626	500	501	 -0.376707	1.42605e-34
10.9696	500	501	 -0.380028	1.25862e-34
10.9766	500	501	 -0.383404	1.11074e-34
10.9836	500	501	 -0.386835	9.80136e-35
10.9906	500	501	 -0.390319	8.64805e-35
10.9976	500	501	 -0.393854	7.62969e-35
11.0046	500	501	 -0.397439	6.73058e-35
11.0116	500	501	 -0.401077	5.93685e-35
11.0186	500	501	 -0.404768	5.2362e-35
11.0256	500	501	 -0.408515	4.61779e-35
11.0326	500	501	 -0.412317	4.07201e-35
11.0396	500	501	 -0.416175	3.59039e-35
11.0466	500	501	 -0.420085	3.16542e-35
11.0536	500	501	 -0.424048	2.79047e-35
11.0606	500	501	 -0.428061	2.4597e-35
11.0676	500	501	 -0.432126	2.16792e-35
11.0746	500	501	 -0.436245	1.91057e-35
11.0816	500	501	 -0.440419	1.6836e-35
11.0886	500	501	 -0.444648	1.48344e-35
11.0956	500	501	 -0.448931	1.30696e-35
11.1026	500	501	 -0.453266	1.15135e-35
11.1096	500	501	 -0.457652	1.01418e-35
11.1166	500	501	 -0.462088	8.93257e-36
11.1236	500	501	 -0.466575	7.86676e-36
11.1306	500	501	 -0.471114	6.92743e-36
11.1376	500	501	 -0.475706	6.09967e-36
11.1446	500	501	 -0.480351	5.37029e-36
11.1516	500	501	 -0.485048	4.72766e-36
11.1586	500	501	 -0.489793	4.16152e-36
11.1656	500	501	 -0.494585	3.66281e-36
11.1726	500	501	 -0.499424	3.22356e-36
11.1796	500	501	 -0.504311	2.8367e-36
11.1866	500	501	 -0.509246	2.49602e-36
11.1936	500	501	 -0.514231	2.19604e-36
11.2006	500	501	 -0.519262	1.93192e-36
11.2076	500	501	 -0.524339	1.6994e-36
11.2146	500	501	 -0.529458	1.49472e-36
11.2216	500	501	 -0.534619	1.31456e-36
11.2286	500	501	 -0.539822	1.156e-36
11.2356	500	501	 -0.545068	1.01647e-36
11.2426	500	501	 -0.550358	8.93691e-37
11.2496	500	501	 -0.555692	7.85666e-37
11.2566	500	501	 -0.561069	6.9063e-37
11.2636	500	501	 -0.566485	6.0703e-37
11.2706	500	501	 -0.571939	5.33497e-37
11.2776	500	501	 -0.577432	4.68826e-37
11.2846	500	501	 -0.582963	4.11953e-37
11.2916	500	501	 -0.588533	3.61944e-37
11.2986	500	501	 -0.594143	3.17975e-37
11.3056	500	501	 -0.599789	2.79319e-37
11.3126	500	501	  -0.60547	2.45339e-37
11.3196	500	501	 -0.611183	2.15471e-37
11.3266	500	501	 -0.616925	1.89221e-37
11.3336	500	501	 -0.622698	1.66153e-37
11.3406	500	501	 -0.628502	1.45882e-37
11.3476	500	501	 -0.634339	1.28072e-37
11.3546	500	501	 -0.640205	1.12425e-37
11.3616	500	501	   -0.6461	9.86801e-38
11.3686	500	501	  -0.65202	8.6607e-38
11.3756	500	501	 -0.657964	7.60036e-38
11.3826	500	501	 -0.663931	6.66918e-38
11.3896	500	501	 -0.669922	5.85151e-38
11.3966	500	501	 -0.675936	5.13359e-38
11.4036	500	501	 -0.681972	4.5033e-38
11.4106	500	501	 -0.688027	3.95001e-38
11.4176	500	501	 -0.694098	3.46436e-38
11.4246	500	501	 -0.700183	3.03812e-38
11.4316	500	501	 -0.706283	2.66406e-38
11.4386	500	501	 -0.712398	2.33583e-38
11.4456	500	501	 -0.718527	2.04783e-38
11.4526	500	501	  -0.72467	1.79517e-38
11.4596	500	501	 -0.730822	1.57353e-38
11.4666	500	501	 -0.736981	1.37911e-38
11.4736	500	501	 -0.743145	1.2086e-38
11.4806	500	501	 -0.749312	1.05906e-38
11.4876	500	501	 -0.755483	9.2794e-39
11.4946	500	501	 -0.761658	8.1297e-39
11.5016	500	501	 -0.767835	7.12174e-39
11.5086	500	501	 -0.774013	6.23815e-39
11.5156	500	501	 -0.780187	5.46364e-39
11.5226	500	501	 -0.786355	4.78482e-39
11.5296	500	501	 -0.792515	4.18993e-39
11.5366	500	501	 -0.798669	3.66864e-39
11.5436	500	501	 -0.804815	3.21189e-39
11.5506	500	501	 -0.810951	2.81173e-39
11.5576	500	501	 -0.817076	2.46118e-39
11.5646	500	501	 -0.823185	2.15413e-39
11.5716	500	501	 -0.829276	1.88519e-39
11.5786	500	501	 -0.835349	1.64967e-39
11.5856	500	501	 -0.841404	1.44343e-39
11.5926	500	501	 -0.847439	1.26285e-39
11.5996	500	501	 -0.853453	1.10476e-39
11.6066	500	501	 -0.859441	9.66358e-40
11.6136	500	501	 -0.865401	8.45214e-40
11.6206	500	501	 -0.871331	7.39183e-40
11.6276	500	501	  -0.87723	6.46391e-40
11.6346	500	501	   -0.8831	5.65191e-40
11.6416	500	501	 -0.888937	4.94143e-40
11.6486	500	501	  -0.89474	4.31984e-40
11.6556	500	501	 -0.900504	3.77606e-40
11.6626	500	501	 -0.906226	3.30042e-40
11.6696	500	501	 -0.911906	2.8844e-40
11.6766	500	501	 -0.917542	2.52057e-40
11.6836	500	501	 -0.923136	2.20242e-40
11.6906	500	501	 -0.928685	1.92424e-40
11.6976	500	501	 -0.934185	1.68103e-40
11.7046	500	501	 -0.939634	1.46841e-40
11.7116	500	501	 -0.945028	1.28256e-40
11.7186	500	501	 -0.950366	1.12012e-40
11.7256	500	501	 -0.955648	9.7816e-41
11.7326	500	501	 -0.960875	8.54106e-41
11.7396	500	501	 -0.966042	7.45712e-41
11.7466	500	501	 -0.971149	6.5101e-41
11.7536	500	501	 -0.976189	5.68279e-41
11.7606	500	501	 -0.981162	4.96013e-41
11.7676	500	501	 -0.986066	4.32894e-41
11.7746	500	501	 -0.990902	3.7777e-41
11.7816	500	501	 -0.995669	3.29633e-41
11.7886	500	501	  -1.00036	2.87601e-41
11.7956	500	501	  -1.00498	2.50904e-41
11.8026	500	501	  -1.00952	2.18868e-41
11.8096	500	501	  -1.01398	1.90904e-41
11.8166	500	501	  -1.01836	1.66496e-41
11.8236	500	501	  -1.02266	1.45195e-41
11.8306	500	501	  -1.02688	1.26606e-41
11.8376	500	501	  -1.03101	1.10387e-41
11.8446	500	501	  -1.03505	9.62355e-42
11.8516	500	501	    -1.039	8.38902e-42
11.8586	500	501	  -1.04286	7.31214e-42
11.8656	500	501	  -1.04663	6.37286e-42
11.8726	500	501	   -1.0503	5.5537e-42
11.8796	500	501	  -1.05388	4.83935e-42
11.8866	500	501	  -1.05736	4.21648e-42
11.8936	500	501	  -1.06074	3.67341e-42
11.9006	500	501	  -1.06401	3.19997e-42
11.9076	500	501	  -1.06719	2.78728e-42
11.9146	500	501	  -1.07026	2.42757e-42
11.9216	500	501	  -1.07322	2.11407e-42
11.9286	500	501	  -1.07608	1.84088e-42
11.9356	500	501	  -1.07883	1.60284e-42
11.9426	500	501	  -1.08146	1.39544e-42
11.9496	500	501	  -1.08398	1.21475e-42
11.9566	500	501	  -1.08639	1.05736e-42
11.9636	500	501	  -1.08869	9.20271e-43
11.9706	500	501	  -1.09087	8.00876e-43
11.9776	500	501	  -1.09293	6.96903e-43
11.9846	500	501	  -1.09487	6.06368e-43
11.9916	500	501	  -1.09669	5.27543e-43
11.9986	500	501	  -1.09838	4.5892e-43
12.0056	500	501	  -1.09996	3.99184e-43
12.0126	500	501	  -1.10141	3.47189e-43
12.0196	500	501	  -1.10274	3.01938e-43
12.0266	500	501	  -1.10393	2.62558e-43
12.0336	500	501	    -1.105	2.28292e-43
12.0406	500	501	  -1.10594	1.98478e-43
12.0476	500	501	  -1.10675	1.72541e-43
12.0546	500	501	  -1.10743	1.49979e-43
12.0616	500	501	  -1.10798	1.30354e-43
12.0686	500	501	  -1.10839	1.13286e-43
12.0756	500	501	  -1.10867	9.84431e-44
12.0826	500	501	  -1.10881	8.55365e-44
12.0896	500	501	  -1.10882	7.43148e-44
12.0966	500	501	  -1.10869	6.45589e-44
12.1036	500	501	  -1.10843	5.60782e-44
12.1106	500	501	  -1.10802	4.87068e-44
12.1176	500	501	  -1.10747	4.23002e-44
12.1246	500	501	  -1.10679	3.67327e-44
12.1316	500	501	  -1.10596	3.18948e-44
12.1386	500	501	    -1.105	2.76914e-44
12.1456	500	501	  -1.10389	2.40395e-44
12.1526	500	501	  -1.10264	2.08673e-44
12.1596	500	501	  -1.10125	1.81118e-44
12.1666	500	501	  -1.09971	1.57187e-44
12.1736	500	501	  -1.09803	1.36404e-44
12.1806	500	501	   -1.0962	1.18357e-44
12.1876	500	501	  -1.09424	1.02688e-44
12.1946	500	501	  -1.09212	8.90848e-45
12.2016	500	501	  -1.08986	7.72759e-45
12.2086	500	501	  -1.08746	6.70257e-45
12.2156	500	501	  -1.08491	5.81295e-45
12.2226	500	501	  -1.08222	5.0409e-45
12.2296	500	501	  -1.07938	4.37097e-45
12.2366	500	501	  -1.07639	3.7897e-45
12.2436	500	501	  -1.07326	3.2854e-45
12.2506	500	501	  -1.06998	2.84793e-45
12.2576	500	501	  -1.06656	2.46847e-45
12.2646	500	501	  -1.06299	2.13936e-45
12.2716	500	501	  -1.05928	1.85395e-45
12.2786	500	501	  -1.05542	1.60645e-45
12.2856	500	501	  -1.05142	1.39186e-45
12.2926	500	501	  -1.04727	1.20581e-45
12.2996	500	501	  -1.04298	1.04454e-45
12.3066	500	501	  -1.03854	9.04738e-46
12.3136	500	501	  -1.03396	7.83573e-46
12.3206	500	501	  -1.02924	6.78569e-46
12.3276	500	501	  -1.02438	5.87578e-46
12.3346	500	501	  -1.01937	5.08738e-46
12.3416	500	501	  -1.01422	4.40433e-46
12.3486	500	501	  -1.00893	3.81262e-46
12.3556	500	501	   -1.0035	3.30008e-46
12.3626	500	501	 -0.997937	2.85616e-46
12.3696	500	501	 -0.992229	2.47171e-46
12.3766	500	501	 -0.986382	2.1388e-46
12.3836	500	501	 -0.980399	1.85055e-46
12.3906	500	501	 -0.974281	1.60098e-46
12.3976	500	501	 -0.968029	1.38494e-46
12.4046	500	501	 -0.961642	1.19794e-46
12.4116	500	501	  -0.95512	1.03608e-46
12.4186	500	501	 -0.948464	8.96002e-47
12.4256	500	501	 -0.941677	7.74787e-47
12.4326	500	501	 -0.934762	6.69905e-47
12.4396	500	501	 -0.927719	5.79164e-47
12.4466	500	501	 -0.920547	5.00665e-47
12.4536	500	501	 -0.913246	4.32763e-47
12.4606	500	501	 -0.905819	3.74033e-47
12.4676	500	501	 -0.898268	3.23242e-47
12.4746	500	501	 -0.890596	2.7932e-47
12.4816	500	501	 -0.882803	2.41343e-47
12.4886	500	501	 -0.874889	2.08509e-47
12.4956	500	501	 -0.866854	1.80124e-47
12.5026	500	501	 -0.858701	1.55587e-47
12.5096	500	501	 -0.850433	1.3438e-47
12.5166	500	501	 -0.842052	1.16052e-47
12.5236	500	501	 -0.833558	1.00214e-47
12.5306	500	501	 -0.824953	8.65293e-48
12.5376	500	501	 -0.816235	7.47057e-48
12.5446	500	501	 -0.807409	6.44913e-48
12.5516	500	501	 -0.798477	5.56681e-48
12.5586	500	501	 -0.789442	4.80473e-48
12.5656	500	501	 -0.780305	4.14656e-48
12.5726	500	501	 -0.771064	3.5782e-48
12.5796	500	501	 -0.761723	3.08745e-48
12.5866	500	501	 -0.752283	2.66373e-48
12.5936	500	501	 -0.742748	2.29795e-48
12.6006	500	501	  -0.73312	1.98219e-48
12.6076	500	501	 -0.723401	1.70966e-48
12.6146	500	501	 -0.713589	1.47445e-48
12.6216	500	501	 -0.703687	1.27148e-48
12.6286	500	501	 -0.693699	1.09634e-48
12.6356	500	501	 -0.683627	9.45227e-49
12.6426	500	501	 -0.673474	8.14866e-49
12.6496	500	501	 -0.663239	7.02414e-49
12.6566	500	501	 -0.652925	6.05421e-49
12.6636	500	501	 -0.642532	5.21771e-49
12.6706	500	501	 -0.632065	4.49634e-49
12.6776	500	501	 -0.621527	3.87432e-49
12.6846	500	501	  -0.61092	3.33802e-49
12.6916	500	501	 -0.600243	2.87568e-49
12.6986	500	501	 -0.589498	2.47713e-49
12.7056	500	501	 -0.578688	2.1336e-49
12.7126	500	501	 -0.567817	1.83754e-49
12.7196	500	501	 -0.556887	1.5824e-49
12.7266	500	501	 -0.545901	1.36256e-49
12.7336	500	501	 -0.534857	1.17314e-49
12.7406	500	501	 -0.523759	1.00995e-49
12.7477	500	501	 -0.512608	8.69383e-50
12.7547	500	501	  -0.50141	7.48304e-50
12.7617	500	501	 -0.490166	6.44024e-50
12.7687	500	501	 -0.478878	5.54222e-50
12.7757	500	501	 -0.467546	4.76894e-50
12.7827	500	501	 -0.456172	4.10316e-50
12.7897	500	501	 -0.444761	3.52997e-50
12.7967	500	501	 -0.433315	3.03656e-50
12.8037	500	501	 -0.421836	2.61186e-50
12.8107	500	501	 -0.410327	2.24634e-50
12.8177	500	501	 -0.398786	1.93178e-50
12.8247	500	501	 -0.387218	1.66111e-50
12.8317	500	501	 -0.375625	1.42822e-50
12.8387	500	501	 -0.364012	1.22786e-50
12.8457	500	501	  -0.35238	1.05551e-50
12.8527	500	501	 -0.340729	9.07256e-51
12.8597	500	501	 -0.329061	7.79751e-51
12.8667	500	501	 -0.317378	6.701e-51
12.8737	500	501	 -0.305686	5.75812e-51
12.8807	500	501	 -0.293986	4.94742e-51
12.8877	500	501	  -0.28228	4.25045e-51
12.8947	500	501	 -0.270569	3.6513e-51
12.9017	500	501	 -0.258853	3.1363e-51
12.9087	500	501	 -0.247138	2.69368e-51
12.9157	500	501	 -0.235426	2.31329e-51
12.9227	500	501	  -0.22372	1.98643e-51
12.9297	500	501	  -0.21202	1.70558e-51
12.9367	500	501	 -0.200327	1.46429e-51
12.9437	500	501	 -0.188644	1.25702e-51
12.9507	500	501	 -0.176975	1.07898e-51
12.9577	500	501	 -0.165322	9.26067e-52
12.9647	500	501	 -0.153688	7.94746e-52
12.9717	500	501	 -0.142072	6.8198e-52
12.9787	500	501	 -0.130476	5.85157e-52
12.9857	500	501	 -0.118903	5.0203e-52
12.9927	500	501	 -0.107357	4.30671e-52
12.9997	500	501	-0.0958399	3.69418e-52
13.0067	500	501	 -0.084353	3.16845e-52
13.0137	500	501	-0.0728966	2.71728e-52
13.0207	500	501	-0.0614726	2.33012e-52
13.0277	500	501	-0.0500846	1.99793e-52
13.0347	500	501	-0.0387358	1.71293e-52
13.0417	500	501	-0.0274278	1.46844e-52
13.0487	500	501	-0.0161611	1.25872e-52
13.0557	500	501	-0.00493635	1.07885e-52
13.0627	500	501	0.00624369	9.2459e-53
13.0697	500	501	 0.0173755	7.92309e-53
13.0767	500	501	 0.0284567	6.78887e-53
13.0837	500	501	 0.0394863	5.81645e-53
13.0907	500	501	 0.0504641	4.98282e-53
13.0977	500	501	 0.0613887	4.26825e-53
13.1047	500	501	 0.0722569	3.6558e-53
13.1117	500	501	 0.0830657	3.13092e-53
13.1187	500	501	 0.0938134	2.68113e-53
13.1257	500	501	    0.1045	2.29574e-53
13.1327	500	501	  0.115124	1.96555e-53
13.1397	500	501	  0.125685	1.68268e-53
13.1467	500	501	  0.136178	1.44039e-53
13.1537	500	501	  0.146602	1.23286e-53
13.1607	500	501	  0.156955	1.05512e-53
13.1677	500	501	  0.167239	9.02923e-54
13.1747	500	501	   0.17745	7.72602e-54
13.1817	500	501	  0.187588	6.61026e-54
13.1887	500	501	  0.197649	5.65508e-54
13.1957	500	501	  0.207631	4.83744e-54
13.2027	500	501	  0.217535	4.13762e-54
13.2097	500	501	  0.227361	3.53869e-54
13.2167	500	501	  0.237105	3.02615e-54
13.2237	500	501	  0.246767	2.5876e-54
13.2307	500	501	  0.256344	2.21239e-54
13.2377	500	501	  0.265834	1.8914e-54
13.2447	500	501	  0.275239	1.61682e-54
13.2517	500	501	  0.284558	1.38196e-54
13.2587	500	501	  0.293787	1.18111e-54
13.2657	500	501	  0.302926	1.00935e-54
13.2727	500	501	  0.311973	8.62477e-55
13.2797	500	501	  0.320927	7.36907e-55
13.2867	500	501	  0.329789	6.29556e-55
13.2937	500	501	  0.338558	5.37792e-55
13.3007	500	501	  0.347231	4.59358e-55
13.3077	500	501	  0.355807	3.92324e-55
13.3147	500	501	  0.364284	3.3504e-55
13.3217	500	501	  0.372664	2.86092e-55
13.3287	500	501	  0.380947	2.44271e-55
13.3357	500	501	  0.389129	2.08543e-55
13.3427	500	501	   0.39721	1.78023e-55
13.3497	500	501	  0.405188	1.51955e-55
13.3567	500	501	  0.413065	1.29691e-55
13.3637	500	501	  0.420839	1.10678e-55
13.3707	500	501	   0.42851	9.44436e-56
13.3777	500	501	  0.436077	8.05823e-56
13.3847	500	501	  0.443537	6.87487e-56
13.3917	500	501	  0.450891	5.86471e-56
13.3987	500	501	   0.45814	5.00249e-56
13.4057	500	501	  0.465283	4.26661e-56
13.4127	500	501	  0.472319	3.63862e-56
13.4197	500	501	  0.479246	3.10276e-56
13.4267	500	501	  0.486064	2.64555e-56
13.4337	500	501	  0.492774	2.2555e-56
13.4407	500	501	  0.499375	1.92276e-56
13.4477	500	501	  0.505868	1.63895e-56
13.4547	500	501	  0.512251	1.39689e-56
13.4617	500	501	  0.518522	1.19047e-56
13.4687	500	501	  0.524683	1.01445e-56
13.4757	500	501	  0.530734	8.64373e-57
13.4827	500	501	  0.536676	7.36425e-57
13.4897	500	501	  0.542506	6.27354e-57
13.4967	500	501	  0.548224	5.34385e-57
13.5037	500	501	   0.55383	4.55149e-57
13.5107	500	501	  0.559326	3.87623e-57
13.5177	500	501	  0.564711	3.30083e-57
13.5247	500	501	  0.569985	2.81057e-57
13.5317	500	501	  0.575146	2.39289e-57
13.5387	500	501	  0.580196	2.03708e-57
13.5457	500	501	  0.585133	1.73401e-57
13.5527	500	501	  0.589961	1.47588e-57
13.5597	500	501	  0.594678	1.25606e-57
13.5667	500	501	  0.599283	1.06887e-57
13.5737	500	501	  0.603776	9.09488e-58
13.5807	500	501	  0.608158	7.73796e-58
13.5877	500	501	   0.61243	6.58284e-58
13.5947	500	501	  0.616593	5.59961e-58
13.6017	500	501	  0.620646	4.76276e-58
13.6087	500	501	  0.624588	4.05059e-58
13.6157	500	501	  0.628419	3.44456e-58
13.6227	500	501	  0.632141	2.92892e-58
13.6297	500	501	  0.635756	2.49022e-58
13.6367	500	501	  0.639263	2.11703e-58
13.6437	500	501	   0.64266	1.79958e-58
13.6507	500	501	  0.645949	1.52959e-58
13.6577	500	501	  0.649131	1.29997e-58
13.6647	500	501	  0.652207	1.10472e-58
13.6717	500	501	  0.655177	9.387e-59
13.6787	500	501	  0.658041	7.97552e-59
13.6857	500	501	  0.660799	6.77561e-59
13.6927	500	501	  0.663451	5.75566e-59
13.6997	500	501	     0.666	4.88877e-59
13.7067	500	501	  0.668447	4.15203e-59
13.7137	500	501	   0.67079	3.52597e-59
13.7207	500	501	  0.673031	2.99402e-59
13.7277	500	501	  0.675168	2.54208e-59
13.7347	500	501	  0.677205	2.15814e-59
13.7417	500	501	  0.679143	1.83201e-59
13.7487	500	501	  0.680982	1.55501e-59
13.7557	500	501	  0.682721	1.31976e-59
13.7627	500	501	  0.684361	1.11999e-59
13.7697	500	501	  0.685903	9.50369e-60
13.7767	500	501	   0.68735	8.06356e-60
13.7837	500	501	  0.688701	6.84098e-60
13.7907	500	501	  0.689958	5.8032e-60
13.7977	500	501	  0.691118	4.92237e-60
13.8047	500	501	  0.692185	4.17482e-60
13.8117	500	501	  0.693161	3.54046e-60
13.8187	500	501	  0.694045	3.00219e-60
13.8257	500	501	  0.694839	2.5455e-60
13.8327	500	501	  0.695542	2.15808e-60
13.8397	500	501	  0.696155	1.82944e-60
13.8467	500	501	   0.69668	1.55069e-60
13.8537	500	501	  0.697119	1.31429e-60
13.8607	500	501	  0.697473	1.11381e-60
13.8677	500	501	   0.69774	9.43827e-61
13.8747	500	501	  0.697921	7.99704e-61
13.8817	500	501	   0.69802	6.77523e-61
13.8887	500	501	  0.698037	5.73952e-61
13.8957	500	501	  0.697974	4.86166e-61
13.9027	500	501	  0.697829	4.11767e-61
13.9097	500	501	  0.697604	3.48718e-61
13.9167	500	501	    0.6973	2.95295e-61
13.9237	500	501	   0.69692	2.50031e-61
13.9307	500	501	  0.696464	2.11685e-61
13.9377	500	501	  0.695933	1.79202e-61
13.9447	500	501	  0.695326	1.51689e-61
13.9517	500	501	  0.694645	1.28387e-61
13.9587	500	501	  0.693893	1.08654e-61
13.9657	500	501	  0.693071	9.1945e-62
13.9727	500	501	  0.692179	7.77979e-62
13.9797	500	501	  0.691217	6.58211e-62
13.9867	500	501	  0.690185	5.56826e-62
13.9937	500	501	  0.689088	4.71011e-62
